020000000000000000000000000000000000000000000000000000000000000000000000000000000000000000000000000000000000000000000000000000000000000
110100000000000000000000000000000000000000000000000000000000000000000000000000000000000000000000000000000000000000000000000000000000000
000000000000000000010000000000000000000000000000000000000000000000000000000000000000000000000000000000000000000000000000000000000000000
110000001000000000000000000000000000000000000000000000000000000000000000000000000000000000000000000000000000000000000000000000000000000
031000000000000000000000000000000000000000000000000000000000000000000000000000000000000000000000000000000000000000000000000000000000000
101010000000000000000000000000000000000000000000000000000000000000000000000000000000000000000000000000000000000000000000000000000000000
010000000000000000001000000000000000000000000000000000000000000000000000000000000000000000000000000000000000000000000000000000000000000
110000000000010000000000000000000000000000000000000000000000000000000000000000000000000000000000000000000000000000000000000000000000000
000000000000000000000000000000000000000000000000000000000000001000000000000000000000000000000000000000000000000000000000000000000000000
130100000000000000000000000000000000000000000000000000000000000000000000000000000000000000000000000000000000000000000000000000000000000
010000000000000000000000000001000000000000000000000000000000000000000000000000000000000000000000000000000000000000000000000000000000000
100000000000000000000000000000000000000000000010000000000000000000000000000000000000000000000000000000000000000000000000000000000000000
010011000000000000000000000000000000000000000000000000000000000000000000000000000000000000000000000000000000000000000000000000000000000
120000000010000000000000000000000000000000000000000000000000000000000000000000000000000000000000000000000000000000000000000000000000000
000100000000010000000000000000000000000000000000000000000000000000000000000000000000000000000000000000000000000000000000000000000000000
111001000000000000000000000000000000000000000000000000000000000000000000000000000000000000000000000000000000000000000000000000000000000
011000000100000000000000000000000000000000000000000000000000000000000000000000000000000000000000000000000000000000000000000000000000000
100000000000000000000000000000000000000000000000000000000000000000010000000000000000000000000000000000000000000000000000000000000000000
020000000000000000000001000000000000000000000000000000000000000000000000000000000000000000000000000000000000000000000000000000000000000
110000000000000000000000000000010000000000000000000000000000000000000000000000000000000000000000000000000000000000000000000000000000000
000000100001000000000000000000000000000000000000000000000000000000000000000000000000000000000000000000000000000000000000000000000000000
110000000000000000000000000000000001000000000000000000000000000000000000000000000000000000000000000000000000000000000000000000000000000
020110000000000000000000000000000000000000000000000000000000000000000000000000000000000000000000000000000000000000000000000000000000000
100000000000000000000000000000000000000000000000000000000000000000000000000000000000000010000000000000000000000000000000000000000000000
010000000000000000000000000000000000000000000000000000000000000000000100000000000000000000000000000000000000000000000000000000000000000
110000000000000000000000000000000000000001000000000000000000000000000000000000000000000000000000000000000000000000000000000000000000000
001000000000000000000000010000000000000000000000000000000000000000000000000000000000000000000000000000000000000000000000000000000000000
121100000000000000000000000000000000000000000000000000000000000000000000000000000000000000000000000000000000000000000000000000000000000
010000110000000000000000000000000000000000000000000000000000000000000000000000000000000000000000000000000000000000000000000000000000000
100010000000100000000000000000000000000000000000000000000000000000000000000000000000000000000000000000000000000000000000000000000000000
010000000000000000000000000000000000000000000000000000000000000000000000000000000010000000000000000000000000000000000000000000000000000
140001000000000000000000000000000000000000000000000000000000000000000000000000000000000000000000000000000000000000000000000000000000000
110000000000000000000000000000000000000000000000000000001000000000000000000000000000000000000000000000000000000000000000000000000000000
010001000001000000000000000000000000000000000000000000000000000000000000000000000000000000000000000000000000000000000000000000000000000
100100000000000000100000000000000000000000000000000000000000000000000000000000000000000000000000000000000000000000000000000000000000000
030000000000000000100000000000000000000000000000000000000000000000000000000000000000000000000000000000000000000000000000000000000000000
111000000010000000000000000000000000000000000000000000000000000000000000000000000000000000000000000000000000000000000000000000000000000
001000000000000000000000000000000000000100000000000000000000000000000000000000000000000000000000000000000000000000000000000000000000000
110010000100000000000000000000000000000000000000000000000000000000000000000000000000000000000000000000000000000000000000000000000000000
020100001000000000000000000000000000000000000000000000000000000000000000000000000000000000000000000000000000000000000000000000000000000
010000000000000000000000000000000000000000000000000000000000000000000000000000000000000000000000000000000000000000000000010000000000000
110000000000000000000000000000000000000000000000000000000000000000000000010000000000000000000000000000000000000000000000000000000000000
120000000000000000000000000000001000000000000000000000000000000000000000000000000000000000000000000000000000000000000000000000000000000
010010000000000100000000000000000000000000000000000000000000000000000000000000000000000000000000000000000000000000000000000000000000000
011200000000000000000000000000000000000000000000000000000000000000000000000000000000000000000000000000000000000000000000000000000000000
121000100000000000000000000000000000000000000000000000000000000000000000000000000000000000000000000000000000000000000000000000000000000
000001000000000000000000000000000010000000000000000000000000000000000000000000000000000000000000000000000000000000000000000000000000000
110000000000000000000000000000000000000000000000000000000000000000000000000000000001000000000000000000000000000000000000000000000000000
100201000000000000000000000000000000000000000000000000000000000000000000000000000000000000000000000000000000000000000000000000000000000
020000000000000000000000000000000000000000000000000000000000000000001000000000000000000000000000000000000000000000000000000000000000000
110000000000000000000000000000000000000000000000000000000000000000000000000000000000000000000010000000000000000000000000000000000000000
000010000000000000000000000000000000000000001000000000000000000000000000000000000000000000000000000000000000000000000000000000000000000
110000100100000000000000000000000000000000000000000000000000000000000000000000000000000000000000000000000000000000000000000000000000000
030000000000000000000000000000100000000000000000000000000000000000000000000000000000000000000000000000000000000000000000000000000000000
102000010000000000000000000000000000000000000000000000000000000000000000000000000000000000000000000000000000000000000000000000000000000
011000000000000000000000000100000000000000000000000000000000000000000000000000000000000000000000000000000000000000000000000000000000000
110100000000001000000000000000000000000000000000000000000000000000000000000000000000000000000000000000000000000000000000000000000000000
150010000000000000000000000000000000000000000000000000000000000000000000000000000000000000000000000000000000000000000000000000000000000
010100000000000000000000001000000000000000000000000000000000000000000000000000000000000000000000000000000000000000000000000000000000000
120000000000000000000000000000000000000000000000000001000000000000000000000000000000000000000000000000000000000000000000000000000000000
110001000000100000000000000000000000000000000000000000000000000000000000000000000000000000000000000000000000000000000000000000000000000
011000000000000000000000000000000100000000000000000000000000000000000000000000000000000000000000000000000000000000000000000000000000000
101000000000000000000000000000000000000000000001000000000000000000000000000000000000000000000000000000000000000000000000000000000000000
020001000010000000000000000000000000000000000000000000000000000000000000000000000000000000000000000000000000000000000000000000000000000
110010000000001000000000000000000000000000000000000000000000000000000000000000000000000000000000000000000000000000000000000000000000000
000100000000000000000000000000000000000000000000000000000000000000000000001000000000000000000000000000000000000000000000000000000000000
020000000000000000000000000000000000000000000000000000000000000000000000000000000000000000000000010000000000000000000000000000000000000
100000001000000000001000000000000000000000000000000000000000000000000000000000000000000000000000000000000000000000000000000000000000000
010000100000000001000000000000000000000000000000000000000000000000000000000000000000000000000000000000000000000000000000000000000000000
110100000000000000010000000000000000000000000000000000000000000000000000000000000000000000000000000000000000000000000000000000000000000
000020000100000000000000000000000000000000000000000000000000000000000000000000000000000000000000000000000000000000000000000000000000000
121000000001000000000000000000000000000000000000000000000000000000000000000000000000000000000000000000000000000000000000000000000000000
011000000000000000000000000000000000000010000000000000000000000000000000000000000000000000000000000000000000000000000000000000000000000
130000000000000000000000000010000000000000000000000000000000000000000000000000000000000000000000000000000000000000000000000000000000000
000000100000000000000000000000000000000000000000100000000000000000000000000000000000000000000000000000000000000000000000000000000000000
110100000000000000000001000000000000000000000000000000000000000000000000000000000000000000000000000000000000000000000000000000000000000
010001000000000000000000000010000000000000000000000000000000000000000000000000000000000000000000000000000000000000000000000000000000000
030010010000000000000000000000000000000000000000000000000000000000000000000000000000000000000000000000000000000000000000000000000000000
110001000000000010000000000000000000000000000000000000000000000000000000000000000000000000000000000000000000000000000000000000000000000
001100000000000100000000000000000000000000000000000000000000000000000000000000000000000000000000000000000000000000000000000000000000000
111000000000000000000000001000000000000000000000000000000000000000000000000000000000000000000000000000000000000000000000000000000000000
020000000000000000000000000000000000000000000000000000000000000000000000000000000000000000000000000000000000000000000000000000000000100
100000000001000010000000000000000000000000000000000000000000000000000000000000000000000000000000000000000000000000000000000000000000000
010000000010010000000000000000000000000000000000000000000000000000000000000000000000000000000000000000000000000000000000000000000000000
110010000000000000000100000000000000000000000000000000000000000000000000000000000000000000000000000000000000000000000000000000000000000
000000000100000000000000000000000000000000100000000000000000000000000000000000000000000000000000000000000000000000000000000000000000000
120000000000000000000000000000000000000000000000000000000000000000000000000000001000000000000000000000000000000000000000000000000000000
010100000000000000000000000000000000000000000100000000000000000000000000000000000000000000000000000000000000000000000000000000000000000
121000000000010000000000000000000000000000000000000000000000000000000000000000000000000000000000000000000000000000000000000000000000000
001000000000000000000000000000000000000000000000000000000000000000000000000000000000000000000000000000000000000000000000000000000100000
110100000000000000000000000100000000000000000000000000000000000000000000000000000000000000000000000000000000000000000000000000000000000
100011100000000000000000000000000000000000000000000000000000000000000000000000000000000000000000000000000000000000000000000000000000000
000001000000000000000000000000000000000000000000000000000000000000000000000000000000010000000000000000000000000000000000000000000000000
050000000000100000000000000000000000000000000000000000000000000000000000000000000000000000000000000000000000000000000000000000000000000
100100000000000000000000000000000000000000000000000000000000000000000000100000000000000000000000000000000000000000000000000000000000000
011010001000000000000000000000000000000000000000000000000000000000000000000000000000000000000000000000000000000000000000000000000000000
112000100000000000000000000000000000000000000000000000000000000000000000000000000000000000000000000000000000000000000000000000000000000
000000000000000001000010000000000000000000000000000000000000000000000000000000000000000000000000000000000000000000000000000000000000000
130000000000000000000000000000000000000000010000000000000000000000000000000000000000000000000000000000000000000000000000000000000000000
010100000000000000000000000000000000000000000000000000000100000000000000000000000000000000000000000000000000000000000000000000000000000
120000010100000000000000000000000000000000000000000000000000000000000000000000000000000000000000000000000000000000000000000000000000000
010010000000000000000000000000000000000000000000001000000000000000000000000000000000000000000000000000000000000000000000000000000000000
101000000000000000000000000000000000000000000000000000000000000000000000000000000000000000010000000000000000000000000000000000000000000
021101000000000000000000000000000000000000000000000000000000000000000000000000000000000000000000000000000000000000000000000000000000000
110001000000000000000000010000000000000000000000000000000000000000000000000000000000000000000000000000000000000000000000000000000000000
100110000010000000000000000000000000000000000000000000000000000000000000000000000000000000000000000000000000000000000000000000000000000
