2 1 1
5 3 2
7 2 5
11 3 8
13 1 12
19 6 13
31 18 13
37 18 19
41 27 14
53 21 32
59 49 10
61 9 52
67 37 30
71 38 33
73 0 73
79 23 56
83 0 83
101 10 91
109 101 8
131 65 66
151 64 87
157 67 90
167 61 106
173 2 171
191 86 105
199 158 41
211 183 28
223 201 22
233 1 232
251 81 170
281 57 224
283 207 76
293 130 163
311 147 164
317 311 6
337 249 88
347 194 153
349 210 139
353 231 122
367 162 205
373 217 156
397 174 223
401 251 150
421 378 43
431 5 426
433 397 36
439 319 120
443 62 381
449 54 395
487 152 335
503 289 214
509 438 71
541 199 342
557 165 392
563 100 463
569 116 453
577 560 17
587 300 287
593 267 326
601 7 594
613 492 121
673 283 390
677 367 310
691 536 155
709 611 98
733 483 250
751 703 48
757 243 514
761 151 610
769 743 26
827 490 337
829 16 813
853 248 605
857 257 600
859 42 817
863 110 753
907 784 123
941 769 172
947 198 749
953 333 620
967 604 363
983 561 422
991 877 114
997 84 913
1009 244 765
1013 777 236
1021 661 360
1031 730 301
1063 208 855
1069 145 924
1087 324 763
1103 728 375
1123 683 440
1129 985 144
1153 1004 149
1163 133 1030
1181 1002 179
1193 254 939
1201 548 653
1231 140 1091
1237 860 377
1249 798 451
1259 315 944
1279 452 827
1283 768 515
1289 59 1230
1291 874 417
1297 112 1185
1301 712 589
1321 507 814
1373 1214 159
1399 454 945
1427 806 621
1429 286 1143
1439 1296 143
1447 209 1238
1453 195 1258
1483 95 1388
1487 376 1111
1493 929 564
1511 1281 230
1523 556 967
1543 873 670
1559 811 748
1579 401 1178
1583 351 1232
1601 1044 557
1637 414 1223
1657 1069 588
1697 996 701
1723 412 1311
1747 511 1236
1753 1309 444
1759 861 898
1783 1099 684
1811 1366 445
1823 493 1330
1831 1352 479
1847 916 931
1867 1158 709
1871 1772 99
1879 268 1611
1889 1610 279
1901 373 1528
1973 535 1438
1997 1416 581
1999 892 1107
2017 1972 45
2053 1666 387
2063 1494 569
2069 1778 291
2087 266 1821
2089 802 1287
2099 1817 282
2113 625 1488
2137 1055 1082
2143 364 1779
2153 1819 334
2179 778 1401
2207 1300 907
2237 648 1589
2269 39 2230
2273 132 2141
2281 1632 649
2287 1940 347
2293 385 1908
2297 1054 1243
2309 1700 609
2333 1248 1085
2339 974 1365
2347 2088 259
2351 766 1585
2371 353 2018
2381 1147 1234
2383 1247 1136
2393 402 1991
2399 1312 1087
2417 2382 35
2423 1627 796
2459 60 2399
2543 2161 382
2549 31 2518
2579 635 1944
2591 1465 1126
2609 29 2580
2633 941 1692
2647 1187 1460
2659 1226 1433
2677 655 2022
2687 849 1838
2689 2360 329
2693 917 1776
2699 771 1928
2729 752 1977
2731 2541 190
2741 1890 851
2749 694 2055
2753 1499 1254
2767 1600 1167
2777 2683 94
2789 2175 614
2803 1671 1132
2837 1789 1048
2857 1003 1854
2861 900 1961
2879 1707 1172
2887 1394 1493
2897 457 2440
2903 1570 1333
2917 2902 15
2939 623 2316
2969 11 2958
3019 1403 1616
3061 1504 1557
3067 2533 534
3083 1150 1933
3119 193 2926
3169 148 3021
3191 1550 1641
3253 1428 1825
3257 220 3037
3301 2522 779
3307 3101 206
3313 229 3084
3343 1548 1795
3347 1283 2064
3359 2780 579
3361 613 2748
3371 2599 772
3373 1674 1699
3413 1541 1872
3433 520 2913
3457 2861 596
3461 1732 1729
3463 1357 2106
3511 615 2896
3533 2710 823
3539 3091 448
3547 2074 1473
3557 1078 2479
3559 50 3509
3571 3209 362
3581 2566 1015
3583 115 3468
3607 1102 2505
3613 1552 2061
3623 751 2872
3631 1621 2010
3673 513 3160
3677 396 3281
3691 1474 2217
3697 616 3081
3709 2877 832
3719 914 2805
3761 831 2930
3779 1363 2416
3803 2090 1713
3821 3298 523
3823 965 2858
3847 354 3493
3863 1625 2238
3877 508 3369
3881 3354 527
3889 1840 2049
3907 1709 2198
3911 720 3191
3917 1491 2426
3919 1056 2863
3923 2344 1579
3931 3718 213
3943 46 3897
3967 3179 788
3989 1370 2619
4003 3214 789
4013 1186 2827
4019 727 3292
4021 3162 859
4027 1463 2564
4051 3932 119
4057 2134 1923
4073 1531 2542
4091 1194 2897
4133 2702 1431
4153 1456 2697
4157 405 3752
4177 2981 1196
4217 2699 1518
4219 2709 1510
4229 754 3475
4241 1737 2504
4261 3729 532
4283 2428 1855
4327 2138 2189
4357 3238 1119
4373 1038 3335
4391 1277 3114
4451 741 3710
4463 1350 3113
4481 1755 2726
4483 1189 3294
4519 1867 2652
4547 4320 227
4567 1304 3263
4583 4175 408
4621 2808 1813
4643 1313 3330
4649 2546 2103
4651 1115 3536
4663 1785 2878
4673 1010 3663
4679 2325 2354
4691 566 4125
4723 3255 1468
4729 431 4298
4751 4122 629
4759 2369 2390
4783 4658 125
4789 1297 3492
4813 271 4542
4817 3533 1284
4831 2420 2411
4861 1950 2911
4889 2761 2128
4903 4869 34
4909 1426 3483
4937 593 4344
4957 3304 1653
4969 275 4694
4993 2860 2133
4999 1475 3524
5003 2060 2943
5011 4774 237
5021 3607 1414
5077 3959 1118
5081 3367 1714
5087 606 4481
5099 3116 1983
5101 1274 3827
5119 2785 2334
5227 3098 2129
5231 4689 542
5233 841 4392
5261 349 4912
5279 4374 905
5297 1539 3758
5309 274 5035
5333 2362 2971
5347 3877 1470
5387 416 4971
5393 4195 1198
5407 256 5151
5413 5231 182
5417 3605 1812
5431 4453 978
5441 3631 1810
5449 4379 1070
5471 1989 3482
5483 5459 24
5503 1724 3779
5519 1988 3531
5527 3630 1897
5569 1018 4551
5573 2035 3538
5581 3119 2462
5591 3934 1657
5623 336 5287
5641 2706 2935
5647 391 5256
5651 4467 1184
5653 2108 3545
5659 20 5639
5669 5057 612
5689 1482 4207
5693 2760 2933
5701 2269 3432
5741 3454 2287
5779 1308 4471
5783 2155 3628
5801 3828 1973
5813 2480 3333
5821 5147 674
5827 2786 3041
5851 4791 1060
5857 188 5669
5867 3228 2639
5879 2299 3580
5897 4596 1301
5903 4693 1210
5923 3786 2137
5953 299 5654
5981 371 5610
6007 3632 2375
6011 2938 3073
6029 1551 4478
6043 4 6039
6047 2837 3210
6053 3236 2817
6067 775 5292
6073 1077 4996
6091 5380 711
6101 4665 1436
6121 2351 3770
6131 4014 2117
6143 2920 3223
6163 2003 4160
6173 1160 5013
6199 2768 3431
6217 5177 1040
6229 3701 2528
6257 4297 1960
6263 4987 1276
6269 5602 667
6287 4366 1921
6311 263 6048
6343 4682 1661
6361 3344 3017
6389 3282 3107
6421 5008 1413
6451 2739 3712
6481 1957 4524
6547 3207 3340
6553 1941 4612
6569 3026 3543
6571 2975 3596
6577 3169 3408
6581 4418 2163
6607 3497 3110
6619 5643 976
6653 5526 1127
6659 3682 2977
6661 4373 2288
6679 2942 3737
6689 2526 4163
6703 3195 3508
6719 1509 5210
6737 895 5842
6763 1667 5096
6793 864 5929
6823 1372 5451
6841 5913 928
6863 5832 1031
6883 1378 5505
6911 6770 141
6917 4076 2841
6947 3095 3852
6949 202 6747
6961 399 6562
6971 1555 5416
6977 5898 1079
7027 6525 502
7043 6669 374
7079 4069 3010
7103 5020 2083
7109 1522 5587
7121 669 6452
7127 2162 4965
7151 6548 603
7159 1122 6037
7187 5452 1735
7193 1375 5818
7207 2357 4850
7211 2219 4992
7243 1059 6184
7247 441 6806
7253 5407 1846
7307 7013 294
7331 5909 1422
7369 2647 4722
7393 331 7062
7411 2737 4674
7433 4972 2461
7451 1865 5586
7481 680 6801
7489 1925 5564
7499 3888 3611
7523 7137 386
7541 4626 2915
7547 6128 1419
7549 1979 5570
7561 5365 2196
7577 2627 4950
7589 733 6856
7639 1683 5956
7643 2271 5372
7669 5369 2300
7673 737 6936
7687 5910 1777
7699 2961 4738
7703 6944 759
7723 3044 4679
7753 4002 3751
7757 927 6830
7759 4614 3145
7829 4149 3680
7841 4437 3404
7867 868 6999
7873 341 7532
7879 3054 4825
7907 6613 1294
7919 3685 4234
7933 6481 1452
7937 5427 2510
7949 1035 6914
7951 4536 3415
7993 2173 5820
8011 2292 5719
8039 7148 891
8069 345 7724
8093 6092 2001
8111 5040 3071
8117 2361 5756
8171 7076 1095
8179 1125 7054
8231 3903 4328
8233 7433 800
8269 1703 6566
8293 8075 218
8311 2894 5417
8353 3457 4896
8377 742 7635
8423 2982 5441
8429 6338 2091
8443 4571 3872
8447 6485 1962
8501 4652 3849
8513 6708 1805
8521 731 7790
8527 316 8211
8539 5934 2605
8581 6065 2516
8609 5995 2614
8623 4597 4026
8627 7483 1144
8629 2146 6483
8641 5825 2816
8669 8197 472
8677 2441 6236
8681 2089 6592
8693 3296 5397
8699 3995 4704
8707 6640 2067
8731 7019 1712
8741 574 8167
8807 918 7889
8819 8512 307
8821 1985 6836
8849 4721 4128
8863 6241 2622
8867 2327 6540
8887 1130 7757
8929 2438 6491
8951 7406 1545
8963 5739 3224
8969 6306 2663
9011 4145 4866
9029 3444 5585
9043 6943 2100
9059 3655 5404
9091 8827 264
9127 5836 3291
9133 8024 1109
9137 7579 1558
9151 2042 7109
9157 8562 595
9161 1687 7474
9209 7412 1797
9277 3372 5905
9293 369 8924
9323 5559 3764
9343 7681 1662
9349 1400 7949
9391 7387 2004
9397 8687 710
9437 4012 5425
9461 8118 1343
9467 2122 7345
9479 5660 3819
9497 6187 3310
9511 1654 7857
9533 5840 3693
9547 1992 7555
9551 8434 1117
9587 6462 3125
9613 1325 8288
9623 1553 8070
9631 7679 1952
9661 866 8795
9677 2212 7465
9679 6323 3356
9697 1086 8611
9721 8684 1037
9739 5868 3871
9769 7369 2400
9781 3198 6583
9791 6863 2928
9803 5561 4242
9811 6516 3295
9817 126 9691
9829 8683 1146
9833 1725 8108
9839 2226 7613
9851 950 8901
9857 5371 4486
9907 7135 2772
9931 9770 161
9949 2583 7366
9967 2023 7944
9973 4111 5862
10007 5235 4772
10009 3626 6383
10037 3740 6297
10039 5817 4222
10061 6077 3984
10079 3695 6384
10091 8093 1998
10099 8004 2095
10139 3673 6466
10169 3043 7126
10181 1393 8788
10211 4347 5864
10223 5600 4623
10243 7461 2782
10301 894 9407
10303 8869 1434
10331 7189 3142
10337 4369 5968
10357 6493 3864
10369 4731 5638
10427 1901 8526
10429 876 9553
10459 2826 7633
10463 2856 7607
10499 6286 4213
10501 242 10259
10529 8921 1608
10531 5884 4647
10589 1340 9249
10613 2015 8598
10627 6951 3676
10639 6693 3946
10651 8966 1685
10657 10135 522
10667 8331 2336
10687 2115 8572
10709 8677 2032
10711 8561 2150
10733 5273 5460
10739 10121 618
10753 5579 5174
10771 7172 3599
10789 1131 9658
10799 4323 6476
10837 4662 6175
10853 4081 6772
10867 3627 7240
10889 7735 3154
10903 3633 7270
10909 10381 528
10973 9609 1364
10979 2017 8962
11027 3019 8008
11047 5203 5844
11057 7884 3173
11059 3343 7716
11069 1386 9683
11071 10181 890
11083 6667 4416
11113 1526 9587
11119 7085 4034
11159 10816 343
11173 10429 744
11213 4359 6854
11239 10607 632
11251 169 11082
11257 7011 4246
11279 6152 5127
11317 9351 1966
11321 1896 9425
11353 4390 6963
11369 6018 5351
11383 7963 3420
11393 4203 7190
11399 9679 1720
11423 3544 7879
11443 6524 4919
11467 5790 5677
11471 2973 8498
11483 1525 9958
11489 11237 252
11491 2164 9327
11503 6893 4610
11519 4038 7481
11593 9711 1882
11597 2506 9091
11617 2873 8744
11633 411 11222
11657 6840 4817
11681 1594 10087
11689 671 11018
11699 3066 8633
11719 1058 10661
11731 10027 1704
11743 10907 836
11789 5091 6698
11821 4841 6980
11833 2419 9414
11887 4420 7467
11897 134 11763
11903 7567 4336
11923 5304 6619
11939 3033 8906
11941 4133 7808
11953 3926 8027
11959 4890 7069
11969 4319 7650
11971 10760 1211
11981 5706 6275
12007 7581 4426
12011 2266 9745
12043 7142 4901
12071 5148 6923
12097 1498 10599
12101 258 11843
12157 3327 8830
12161 5867 6294
12203 7904 4299
12211 10084 2127
12241 1163 11078
12253 525 11728
12263 2993 9270
12277 4962 7315
12281 7343 4938
12301 8143 4158
12347 1472 10875
12379 6023 6356
12391 11380 1011
12421 11540 881
12437 136 12301
12497 2630 9867
12511 306 12205
12517 12255 262
12527 3510 9017
12541 531 12010
12547 2250 10297
12583 797 11786
12589 2495 10094
12619 4673 7946
12637 724 11913
12641 7409 5232
12653 9231 3422
12689 6979 5710
12713 429 12284
12853 2521 10332
12919 5398 7521
12923 981 11942
12941 9341 3600
12967 6956 6011
12979 11176 1803
13001 7819 5182
13003 3065 9938
13007 10739 2268
13033 6367 6666
13037 8576 4461
13063 10023 3040
13093 9719 3374
13103 7103 6000
13121 12543 578
13147 2323 10824
13151 3745 9406
13159 7687 5472
13177 1445 11732
13183 3187 9996
13219 8457 4762
13259 2948 10311
13291 9484 3807
13309 10369 2940
13313 11280 2033
13327 12223 1104
13331 10774 2557
13337 2534 10803
13339 5060 8279
13381 4301 9080
13399 5501 7898
13411 11489 1922
13417 3368 10049
13421 8065 5356
13441 10282 3159
13451 5508 7943
13457 4940 8517
13463 9804 3659
13469 3962 9507
13499 1327 12172
13567 12968 599
13577 3724 9853
13597 3008 10589
13613 3597 10016
13627 6762 6865
13633 8399 5234
13649 5658 7991
13709 10962 2747
13711 10579 3132
13721 11246 2475
13729 10304 3425
13751 6520 7231
13757 430 13327
13763 13443 320
13781 3640 10141
13789 6797 6992
13807 1446 12361
13829 9572 4257
13859 8570 5289
13873 6470 7403
13879 12829 1050
13907 13205 702
13913 12433 1480
13921 7187 6734
13933 1322 12611
14029 3157 10872
14033 7704 6329
14051 10793 3258
14057 735 13322
14083 185 13898
14087 4197 9890
14107 11922 2185
14149 12775 1374
14177 9619 4558
14197 11957 2240
14243 13717 526
14249 6970 7279
14251 4290 9961
14303 9753 4550
14321 9379 4942
14369 3816 10553
14389 5243 9146
14401 6116 8285
14407 1376 13031
14419 2209 12210
14423 2433 11990
14431 13578 853
14461 10083 4378
14543 11144 3399
14549 12181 2368
14557 2024 12533
14591 8983 5608
14621 6433 8188
14627 12376 2251
14639 8939 5700
14653 5410 9243
14657 1334 13323
14669 4555 10114
14683 934 13749
14713 11480 3233
14723 2529 12194
14731 410 14321
14741 1902 12839
14747 3491 11256
14753 575 14178
14759 10660 4099
14771 10338 4433
14827 7462 7365
14831 189 14642
14869 6533 8336
14887 10075 4812
14891 10867 4024
14951 3850 11101
14957 7794 7163
14969 10535 4434
14983 1521 13462
15061 3485 11576
15077 4256 10821
15091 2610 12481
15121 10651 4470
15131 6961 8170
15139 13192 1947
15173 12951 2222
15193 12889 2304
15199 12603 2596
15227 12080 3147
15233 14611 622
15263 6389 8874
15277 10393 4884
15289 8748 6541
15299 11510 3789
15307 5620 9687
15349 12955 2394
15359 13609 1750
15361 979 14382
15373 9434 5939
15377 288 15089
15383 12996 2387
15413 14942 471
15427 12427 3000
15451 5347 10104
15493 3380 12113
15511 1939 13572
15559 6110 9449
15601 15010 591
15607 13568 2039
15619 12815 2804
15641 1689 13952
15647 4957 10690
15661 4733 10928
15667 7021 8646
15671 2883 12788
15683 932 14751
15737 10153 5584
15761 7720 8041
15767 8263 7504
15823 1568 14255
15859 13998 1861
15887 14949 938
15889 8503 7386
15937 13099 2838
15959 15552 407
15971 897 15074
15991 6929 9062
16057 785 15272
16067 651 15416
16073 4645 11428
16097 5816 10281
16103 9559 6544
16111 12588 3523
16187 903 15284
16193 15188 1005
16217 13423 2794
16223 2718 13505
16229 11200 5029
16231 9506 6725
16267 15002 1265
16319 14054 2265
16333 7750 8583
16349 12884 3465
16361 15288 1073
16363 4060 12303
16369 485 15884
16421 14892 1529
16427 11327 5100
16451 413 16038
16453 1856 14597
16477 3873 12604
16481 14078 2403
16553 12144 4409
16567 7751 8816
16619 5226 11393
16631 12877 3754
16651 12459 4192
16657 14329 2328
16673 14915 1758
16693 7292 9401
16747 9233 7514
16763 1175 15588
16843 14643 2200
16871 1483 15388
16921 3657 13264
16943 11798 5145
16993 1511 15482
17011 8548 8463
17029 302 16727
17041 5728 11313
17047 10819 6228
17077 4376 12701
17099 4248 12851
17189 15675 1514
17203 13065 4138
17207 3861 13346
17209 8198 9011
17231 6754 10477
17257 16777 480
17291 675 16616
17293 11618 5675
17299 16517 782
17321 5592 11729
17327 9175 8152
17333 1383 15950
17359 7316 10043
17377 7131 10246
17387 15563 1824
17389 10782 6607
17443 12801 4642
17467 7876 9591
17477 11469 6008
17483 10238 7245
17491 5990 11501
17509 7454 10055
17519 3577 13942
17551 3677 13874
17573 6688 10885
17581 9131 8450
17597 7107 10490
17623 9045 8578
17627 427 17200
17657 17503 154
17659 4438 13221
17681 12675 5006
17683 5734 11949
17713 7812 9901
17729 1837 15892
17761 17453 308
17783 15341 2442
17789 8997 8792
17791 5018 12773
17827 2179 15648
17837 16791 1046
17881 11875 6006
17891 3845 14046
17903 11487 6416
17909 940 16969
17957 3189 14768
17977 13398 4579
17987 8103 9884
18043 953 17090
18049 13255 4794
18059 5061 12998
18061 12852 5209
18119 12321 5798
18133 14088 4045
18143 17710 433
18149 13869 4280
18169 9681 8488
18181 2771 15410
18223 6981 11242
18229 986 17243
18233 9899 8334
18251 8314 9937
18257 312 17945
18269 7390 10879
18307 9115 9192
18313 14230 4083
18329 5630 12699
18341 6642 11699
18379 12110 6269
18401 17760 641
18427 11565 6862
18433 3502 14931
18443 10672 7771
18457 1427 17030
18503 12166 6337
18523 5829 12694
18583 4333 14250
18587 13803 4784
18617 10025 8592
18637 17152 1485
18661 5475 13186
18713 5946 12767
18719 14528 4191
18787 14228 4559
18839 5350 13489
18859 15230 3629
18869 4071 14798
18899 2865 16034
18917 2745 16172
18947 4725 14222
18979 3723 15256
19009 3184 15825
19013 318 18695
19037 17880 1157
19073 15132 3941
19081 7503 11578
19139 16187 2952
19157 10582 8575
19163 4621 14542
19207 6051 13156
19231 19020 211
19237 9054 10183
19259 15008 4251
19267 1679 17588
19273 3373 15900
19301 13502 5799
19319 7431 11888
19333 12101 7232
19373 14133 5240
19379 14536 4843
19387 4846 14541
19391 16317 3074
19403 7654 11749
19417 13341 6076
19423 15804 3619
19427 8514 10913
19447 6316 13131
19457 1404 18053
19463 1362 18101
19469 14192 5277
19471 3732 15739
19477 12753 6724
19501 5854 13647
19507 4656 14851
19531 19061 470
19541 19381 160
19543 16228 3315
19577 4068 15509
19699 2843 16856
19709 10214 9495
19717 7910 11807
19739 10071 9668
19751 16080 3671
19753 16456 3297
19759 18762 997
19763 19383 380
19777 1477 18300
19793 9721 10072
19853 14571 5282
19861 5076 14785
19867 6769 13098
19889 14084 5805
19891 838 19053
19937 3642 16295
19961 4594 15367
19973 3973 16000
20011 9973 10038
20029 17536 2493
20047 476 19571
20063 18778 1285
20101 6513 13588
20113 13786 6327
20149 18504 1645
20173 2530 17643
20177 18537 1640
20183 8894 11289
20201 2779 17422
20219 14940 5279
20233 6217 14016
20249 1963 18286
20269 11186 9083
20327 16370 3957
20341 17849 2492
20347 9474 10873
20353 18411 1942
20357 3347 17010
20359 13135 7224
20389 16179 4210
20393 17782 2611
20431 8100 12331
20441 15863 4578
20477 1576 18901
20479 8357 12122
20483 12704 7779
20507 3122 17385
20533 4089 16444
20549 14934 5615
20551 19375 1176
20563 7899 12664
20627 2468 18159
20663 1239 19424
20681 679 20002
20717 14007 6710
20749 14778 5971
20771 14322 6449
20773 16989 3784
20807 5826 14981
20809 7239 13570
20857 8328 12529
20879 14457 6422
20887 1730 19157
20897 5421 15476
20921 6215 14706
20929 10644 10285
20959 16159 4800
20963 2488 18475
20983 10927 10056
21011 16988 4023
21013 12098 8915
21017 8420 12597
21023 1801 19222
21059 12923 8136
21067 18274 2793
21089 14717 6372
21107 6052 15055
21149 4096 17053
21163 18584 2579
21169 16143 5026
21179 4498 16681
21191 2303 18888
21193 14953 6240
21211 10633 10578
21221 18231 2990
21227 1663 19564
21247 12391 8856
21313 15069 6244
21317 13695 7622
21319 5261 16058
21323 15013 6310
21341 17573 3768
21347 15585 5762
21379 10481 10898
21383 11131 10252
21391 221 21170
21401 20219 1182
21407 7075 14332
21433 4279 17154
21487 12111 9376
21491 7547 13944
21493 17188 4305
21499 2988 18511
21503 8513 12990
21521 15463 6058
21557 12939 8618
21559 6713 14846
21569 555 21014
21577 13209 8368
21587 8029 13558
21589 20046 1543
21599 11406 10193
21617 13036 8581
21649 19944 1705
21673 9475 12198
21683 19854 1829
21737 14626 7111
21751 13670 8081
21757 4547 17210
21767 473 21294
21773 1237 20536
21787 9731 12056
21803 20756 1047
21817 4946 16871
21821 5754 16067
21851 1842 20009
21863 6415 15448
21937 6892 15045
21943 5855 16088
21961 14675 7286
21977 16233 5744
21991 16779 5212
22013 15973 6040
22027 10990 11037
22031 2111 19920
22039 19032 3007
22063 14193 7870
22073 19456 2617
22079 12274 9805
22093 7941 14152
22123 18003 4120
22133 9013 13120
22147 477 21670
22159 13466 8693
22171 3797 18374
22189 10489 11700
22229 6200 16029
22259 20780 1479
22273 4520 17753
22277 13566 8711
22283 225 22058
22307 2478 19829
22343 7265 15078
22349 4909 17440
22367 5814 16553
22369 21804 565
22381 16900 5481
22391 4796 17595
22453 19207 3246
22483 11878 10605
22501 13364 9137
22511 18592 3919
22531 7334 15197
22541 10046 12495
22571 18553 4018
22651 18474 4177
22679 12062 10617
22691 13344 9347
22697 20148 2549
22717 4382 18335
22739 12816 9923
22783 19663 3120
22807 3261 19546
22817 17427 5390
22853 11535 11318
22861 13358 9503
22877 16378 6499
22901 2631 20270
22961 19038 3923
22963 18933 4030
23011 11523 11488
23039 16220 6819
23053 12562 10491
23057 16499 6558
23071 13689 9382
23087 19408 3679
23099 1170 21929
23159 20103 3056
23167 21598 1569
23173 4011 19162
23209 19461 3748
23227 22446 781
23269 1919 21350
23279 1895 21384
23297 15737 7560
23311 9396 13915
23327 3773 19554
23333 7238 16095
23339 7117 16222
23371 17677 5694
23417 10277 13140
23447 18120 5327
23473 6395 17078
23531 9801 13730
23549 8742 14807
23563 11207 12356
23581 15354 8227
23599 8046 15553
23623 12078 11545
23627 18095 5532
23633 13899 9734
23669 19686 3983
23687 19239 4448
23741 15406 8335
23743 3211 20532
23747 3288 20459
23753 14416 9337
23761 21680 2081
23767 15688 8079
23789 2512 21277
23801 1356 22445
23819 11691 12128
23831 14049 9782
23833 6279 17554
23869 7863 16006
23879 16882 6997
23887 5637 18250
23893 21657 2236
23899 22709 1190
23911 10671 13240
23957 10458 13499
23971 1767 22204
23977 10310 13667
23981 4219 19762
24019 22867 1152
24061 21158 2903
24103 15428 8675
24107 8709 15398
24137 16800 7337
24169 16880 7289
24181 20302 3879
24223 21464 2759
24229 6174 18055
24247 18902 5345
24281 11849 12432
24317 23010 1307
24337 14739 9598
24379 10026 14353
24391 4292 20099
24407 17359 7048
24421 358 24063
24469 1701 22768
24481 14548 9933
24517 17096 7421
24527 1496 23031
24547 8653 15894
24551 23130 1421
24571 5092 19479
24593 17057 7536
24631 18603 6028
24671 13914 10757
24677 3928 20749
24683 1793 22890
24691 805 23886
24733 6682 18051
24767 14212 10555
24781 22807 1974
24793 13919 10874
24799 12127 12672
24821 22942 1879
24841 13305 11536
24907 8486 16421
24917 24741 176
24923 3666 21257
24943 17611 7332
24953 24208 745
24967 19204 5763
25111 11566 13545
25127 24241 886
25153 8406 16747
25183 15381 9802
25189 13239 11950
25219 10914 14305
25229 21493 3736
25237 14391 10846
25243 18139 7104
25261 5958 19303
25321 10822 14499
25339 9361 15978
25357 19136 6221
25367 11689 13678
25373 2282 23091
25447 2206 23241
25463 11815 13648
25471 9903 15568
25523 24213 1310
25537 15678 9859
25561 3138 22423
25609 9228 16381
25673 9547 16126
25733 22138 3595
25747 14344 11403
25759 17937 7822
25793 980 24813
25799 13177 12622
25819 23817 2002
25841 23223 2618
25867 9114 16753
25873 368 25505
25889 14099 11790
25913 19219 6694
25931 4561 21370
25933 3634 22299
25939 17785 8154
25951 8897 17054
25981 4863 21118
26021 13704 12317
26041 18628 7413
26083 19882 6201
26107 17652 8455
26141 22980 3161
26161 8736 17425
26177 23975 2202
26189 11775 14414
26203 6299 19904
26209 25208 1001
26251 4716 21535
26261 12558 13703
26321 9116 17205
26339 23020 3319
26371 7353 19018
26393 11197 15196
26399 15361 11038
26407 4671 21736
26417 3140 23277
26431 19956 6475
26437 15118 11319
26459 15495 10964
26557 6163 20394
26597 9349 17248
26627 9350 17277
26641 8307 18334
26669 4212 22457
26681 17211 9470
26687 3617 23070
26699 4115 22584
26701 25412 1289
26711 7739 18972
26737 2800 23937
26783 19774 7009
26833 11524 15309
26863 1218 25645
26879 23381 3498
26881 16609 10272
26891 6324 20567
26903 9165 17738
26921 15313 11608
26951 1602 25349
26953 17977 8976
26981 3853 23128
26993 13696 13297
27017 24750 2267
27043 12431 14612
27073 7368 19705
27127 21227 5900
27191 11293 15898
27241 9078 18163
27253 18167 9086
27281 8129 19152
27337 11153 16184
27361 10205 17156
27367 13188 14179
27409 3894 23515
27427 13481 13946
27431 20020 7411
27437 8704 18733
27449 1338 26111
27481 4935 22546
27509 5110 22399
27527 4769 22758
27539 7587 19952
27551 446 27105
27583 7737 19846
27617 2927 24690
27653 5017 22636
27689 7562 20127
27691 18042 9649
27697 5266 22431
27701 15809 11892
27749 16921 10828
27751 17127 10624
27767 3837 23930
27791 25741 2050
27793 26478 1315
27799 11669 16130
27803 533 27270
27809 5205 22604
27817 18256 9561
27851 12677 15174
27893 10151 17742
27901 6317 21584
27919 24039 3880
27943 992 26951
27953 8728 19225
27967 8682 19285
27997 11137 16860
28019 16947 11072
28031 19515 8516
28051 23597 4454
28057 21987 6070
28081 25246 2835
28099 3366 24733
28111 11410 16701
28151 4509 23642
28163 9092 19071
28181 19495 8686
28201 26438 1763
28219 10994 17225
28277 24777 3500
28279 4667 23612
28289 4338 23951
28297 13631 14666
28307 6917 21390
28309 9162 19147
28319 4157 24162
28387 25638 2749
28393 19405 8988
28409 14723 13686
28411 12661 15750
28463 3417 25046
28477 10713 17764
28499 14486 14013
28537 28351 186
28591 25911 2680
28603 8284 20319
28607 11099 17508
28619 2499 26120
28627 3594 25033
28643 15777 12866
28649 18328 10321
28663 20776 7887
28669 4110 24559
28687 23041 5646
28703 18211 10492
28751 26085 2666
28771 3744 25027
28817 17724 11093
28837 10612 18225
28843 26734 2109
28859 10504 18355
28867 23411 5456
28879 28336 543
28909 27858 1051
28927 16726 12201
28933 24324 4609
28949 8482 20467
29009 4006 25003
29021 19768 9253
29027 20537 8490
29033 24897 4136
29059 6085 22974
29063 22741 6322
29077 19090 9987
29123 27855 1268
29153 14894 14259
29173 24689 4484
29191 26532 2659
29201 13474 15727
29221 7182 22039
29243 12796 16447
29297 9259 20038
29303 2756 26547
29333 20857 8476
29339 3606 25733
29363 28903 460
29387 4388 24999
29399 11951 17448
29429 21028 8401
29453 16412 13041
29483 255 29228
29501 7760 21741
29527 7752 21775
29537 4214 25323
29567 9803 19764
29569 19616 9953
29573 4685 24888
29581 22571 7010
29599 23120 6479
29629 27822 1807
29633 13948 15685
29641 4064 25577
29663 18717 10946
29671 14047 15624
29717 28325 1392
29753 17288 12465
29759 4166 25593
29803 18204 11599
29819 26913 2906
29833 23927 5906
29851 1650 28201
29863 7401 22462
29867 28086 1781
29881 13459 16422
29921 19476 10445
29927 9334 20593
30013 22634 7379
30029 4990 25039
30047 10977 19070
30071 16671 13400
30089 13479 16610
30103 4768 25335
30133 20579 9554
30139 17890 12249
30187 21800 8387
30197 5618 24579
30203 16596 13607
30241 12352 17889
30259 27060 3199
30269 25211 5058
30293 12901 17392
30319 9440 20879
30323 20921 9402
30367 7967 22400
30391 4636 25755
30427 10342 20085
30469 30071 398
30493 18010 12483
30557 25475 5082
30593 29715 878
30631 27665 2966
30637 20788 9849
30643 14828 15815
30649 636 30013
30671 27137 3534
30677 8301 22376
30689 8273 22416
30697 4169 26528
30809 27529 3280
30817 21355 9462
30829 14847 15982
30841 29423 1418
30853 26644 4209
30869 9822 21047
30911 3276 27635
31019 13995 17024
31051 28176 2875
31081 14276 16805
31091 563 30528
31139 6551 24588
31147 4680 26467
31151 14110 17041
31153 5509 25644
31159 20206 10953
31181 17698 13483
31183 19691 11492
31189 11267 19922
31231 474 30757
31247 3289 27958
31259 15876 15383
31307 26723 4584
31321 10940 20381
31327 23057 8270
31337 25253 6084
31357 11733 19624
31387 2120 29267
31469 22166 9303
31477 26884 4593
31489 27948 3541
31511 12157 19354
31543 30976 567
31547 30638 909
31567 3532 28035
31573 15066 16507
31601 11160 20441
31607 13246 18361
31667 19732 11935
31687 30776 911
31721 839 30882
31727 15175 16552
31741 2457 29284
31751 5484 26267
31793 24506 7287
31799 12578 19221
31847 19470 12377
31849 20409 11440
31859 13331 18528
31907 27794 4113
31957 7468 24489
31991 26785 5206
32003 9692 22311
32051 30989 1062
32057 5033 27024
32077 14818 17259
32083 265 31818
32099 12641 19458
32141 12076 20065
32143 6792 25351
32159 8864 23295
32173 3279 28894
32189 8917 23272
32261 3940 28321
32299 20911 11388
32309 8257 24052
32353 8974 23379
32363 27041 5322
32369 25233 7136
32377 23434 8943
32441 15179 17262
32467 22956 9511
32497 29071 3426
32503 19096 13407
32561 28060 4501
32563 9191 23372
32587 4603 27984
32609 2084 30525
32611 28967 3644
32621 11112 21509
32653 11973 20680
32687 32110 577
32693 32012 681
32707 23962 8745
32713 10593 22120
32717 20469 12248
32719 3699 29020
32749 26043 6706
32789 1517 31272
32801 20638 12163
32831 16013 16818
32869 10232 22637
32887 2170 30717
32911 4396 28515
32917 17194 15723
32939 10864 22075
32957 27883 5074
32971 13012 19959
33013 6755 26258
33023 20846 12177
33037 21648 11389
33049 12846 20203
33083 4027 29056
33107 6960 26147
33113 23996 9117
33119 13782 19337
33149 14062 19087
33151 269 32882
33161 4961 28200
33179 11496 21683
33191 17140 16051
33199 8850 24349
33247 5241 28006
33301 31862 1439
33317 29571 3746
33331 26463 6868
33343 27118 6225
33347 24840 8507
33353 1917 31436
33359 23914 9445
33377 25123 8254
33391 32456 935
33403 31997 1406
33413 13067 20346
33427 7445 25982
33461 2469 30992
33479 23534 9945
33487 30097 3390
33503 17628 15875
33521 23416 10105
33529 6032 27497
33563 29309 4254
33581 18851 14730
33599 14150 19449
33619 20027 13592
33641 24927 8714
33647 17968 15679
33679 5576 28103
33703 32899 804
33713 26131 7582
33739 1792 31947
33749 28383 5366
33751 12731 21020
33769 22215 11554
33797 11809 21988
33851 587 33264
33857 22329 11528
33863 19740 14123
33923 28795 5128
33941 33741 200
33997 25028 8969
34019 20051 13968
34031 9774 24257
34039 20876 13163
34127 19919 14208
34129 15357 18772
34141 25193 8948
34213 12087 22126
34231 26025 8206
34259 26443 7816
34261 17783 16478
34273 11325 22948
34297 2072 32225
34327 26710 7617
34351 21658 12693
34361 30723 3638
34367 22864 11503
34403 22716 11687
34421 5998 28423
34439 4404 30035
34457 28118 6339
34469 22134 12335
34471 4810 29661
34501 25035 9466
34511 13736 20775
34513 13470 21043
34537 3273 31264
34583 20166 14417
34591 27240 7351
34613 3401 31212
34667 11931 22736
34687 10788 23899
34703 12322 22381
34721 31975 2746
34739 16674 18065
34747 29710 5037
34757 8317 26440
34759 6655 28104
34763 21449 13314
34807 3874 30933
34819 8418 26401
34847 34223 624
34849 15740 19109
34883 11407 23476
34897 3042 31855
34963 33268 1695
35027 5524 29503
35051 4439 30612
35069 34364 705
35089 26070 9019
35111 31293 3818
35141 30744 4397
35149 21003 14146
35159 19387 15772
35221 24502 10719
35227 2338 32889
35257 18456 16801
35279 9284 25995
35281 25411 9870
35311 6537 28774
35317 26357 8960
35339 30122 5217
35381 13752 21629
35419 31049 4370
35449 29911 5538
35461 11581 23880
35521 22154 13367
35531 34901 630
35533 17158 18375
35537 23939 11598
35543 21676 13867
35671 27220 8451
35731 33287 2444
35747 23713 12034
35759 30535 5224
35803 21977 13826
35831 23339 12492
35837 11431 24406
35839 5335 30504
35863 29853 6010
35869 23039 12830
35897 7743 28154
35977 9947 26030
36083 15580 20503
36097 6877 29220
36151 10959 25192
36161 33082 3079
36191 30290 5901
36209 18943 17266
36217 15226 20991
36241 34740 1501
36251 23112 13139
36269 23509 12760
36307 19899 16408
36383 4223 32160
36451 281 36170
36457 28855 7602
36467 16968 19499
36469 16632 19837
36473 26279 10194
36493 35774 719
36541 17496 19045
36551 29092 7459
36583 25572 11011
36607 11173 25434
36653 26949 9704
36677 2210 34467
36683 22440 14243
36713 30885 5828
36779 19717 17062
36791 5183 31608
36821 24799 12022
36833 19170 17663
36871 10947 25924
36877 10694 26183
36901 30835 6066
36913 22672 14241
36919 9291 27628
36929 25487 11442
36973 16144 20829
36997 25839 11158
37013 26203 10810
37039 26750 10289
37049 32055 4994
37097 15748 21349
37159 18004 19155
37171 36655 516
37243 32476 4767
37253 27430 9823
37273 7028 30245
37313 4184 33129
37339 32215 5124
37357 24133 13224
37369 6368 31001
37397 35987 1410
37447 12967 24480
37463 617 36846
37489 8362 29127
37493 13379 24114
37511 8342 29169
37529 6361 31168
37549 36577 972
37561 15189 22372
37567 24002 13565
37571 13168 24403
37573 2673 34900
37607 12072 25535
37619 11731 25888
37657 19059 18598
37663 26330 11333
37693 16342 21351
37699 20496 17203
37811 16416 21395
37813 21909 15904
37853 10164 27689
37861 37419 442
37889 35846 2043
37907 31134 6773
37951 1860 36091
37957 30897 7060
37963 30951 7012
37967 13847 24120
37987 13245 24742
37993 26082 11911
38047 31678 6369
38053 13584 24469
38149 3522 34627
38153 17676 20477
38197 24315 13882
38231 30098 8133
38237 5821 32416
38239 12526 25713
38261 24180 14081
38281 37360 921
38287 18710 19577
38299 12577 25722
38303 21725 16578
38333 20762 17571
38393 33637 4756
38447 2237 36210
38449 13639 24810
38461 3409 35052
38501 5106 33395
38557 17857 20700
38567 18476 20091
38593 12347 26246
38639 5891 32748
38669 13553 25116
38671 35007 3664
38677 31583 7094
38707 38080 627
38711 30487 8224
38749 38035 714
38767 29669 9098
38791 29871 8920
38821 13658 25163
38851 17620 21231
38861 21832 17029
38867 35074 3793
38873 12264 26609
38891 27299 11592
38921 30465 8456
38959 21382 17577
38971 9924 29047
38977 26303 12674
38993 2723 36270
39023 20101 18922
39089 4395 34694
39113 30308 8805
39181 5185 33996
39209 35509 3700
39217 9712 29505
39227 37295 1932
39229 5758 33471
39313 16047 23266
39317 23753 15564
39367 28238 11129
39409 14432 24977
39439 16990 22449
39443 36031 3412
39451 33290 6161
39461 33110 6351
39499 37530 1969
39503 10581 28922
39509 5727 33782
39521 19525 19996
39541 2087 37454
39563 5195 34368
39569 14554 25015
39581 10031 29550
39619 23554 16065
39623 30734 8889
39659 28283 11376
39671 8641 31030
39749 24611 15138
39761 33436 6325
39769 37676 2093
39779 16300 23479
39791 7053 32738
39821 4215 35606
39827 28927 10900
39829 24571 15258
39839 28093 11746
39847 22242 17605
39857 3794 36063
39863 22602 17261
39877 4814 35063
39883 24556 15327
39971 637 39334
39979 20735 19244
39989 22330 17659
40013 26257 13756
40087 33428 6659
40093 8072 32021
40099 38273 1826
40123 32695 7428
40151 38963 1188
40153 31432 8721
40241 10472 29769
40283 16689 23594
40289 35720 4569
40351 23706 16645
40361 28636 11725
40423 39231 1192
40429 9910 30519
40433 17003 23430
40459 16403 24056
40483 295 40188
40493 31462 9031
40519 20860 19659
40577 24511 16066
40597 216 40381
40609 4021 36588
40627 6320 34307
40693 7878 32815
40697 30430 10267
40739 40096 643
40751 15646 25105
40759 14233 26526
40763 2672 38091
40771 36881 3890
40801 4907 35894
40819 11881 28938
40829 30034 10795
40841 36335 4506
40847 14982 25865
40849 2787 38062
40853 25321 15532
40867 25751 15116
40879 21407 19472
40883 33999 6884
40903 38392 2511
40933 40172 761
40949 34407 6542
40973 33225 7748
40993 21631 19362
41011 7778 33233
41039 23571 17468
41057 33051 8006
41131 30426 10705
41141 1599 39542
41149 2551 38598
41161 31565 9596
41179 21903 19276
41231 22530 18701
41233 23065 18168
41281 38287 2994
41333 5263 36070
41341 18032 23309
41351 9473 31878
41381 35244 6137
41387 28000 13387
41411 40867 544
41413 14061 27352
41443 31905 9538
41467 22484 18983
41491 23447 18044
41507 2099 39408
41519 37249 4270
41521 3318 38203
41539 33743 7796
41543 28896 12647
41549 21290 20259
41597 12423 29174
41609 1430 40179
41617 22649 18968
41627 37110 4517
41641 25156 16485
41659 31556 10103
41719 31348 10371
41729 32616 9113
41801 22082 19719
41809 23486 18323
41813 20778 21035
41843 35498 6345
41863 12129 29734
41879 9232 32647
41893 40241 1652
41903 21562 20341
41911 36467 5444
42017 19539 22478
42019 27783 14236
42071 1859 40212
42073 29255 12818
42083 5781 36302
42101 15667 26434
42139 39683 2456
42187 31453 10734
42193 17246 24947
42197 16827 25370
42209 36423 5786
42223 22290 19933
42227 22565 19662
42239 5722 36517
42281 5323 36958
42293 23403 18890
42299 28075 14224
42337 9028 33309
42373 16741 25632
42379 2008 40371
42391 30158 12233
42433 15094 27339
42443 5253 37190
42461 39680 2781
42463 20617 21846
42467 37022 5445
42473 33006 9467
42487 35069 7418
