31875422
31931997
31977293
31988622
31999953
32022621
32056638
32067981
32090673
32113373
32136081
32158797
32192886
32204253
32226993
32283878
32295261
32329422
32340813
32386397
32420606
32432013
32443422
32454833
32466246
32477661
32511918
32534766
32546193
32557622
32580486
32591921
32626238
32637681
32660573
32694926
32763686
32798093
32821041
32832518
32843997
32855478
32866961
32878446
32912913
32947398
32958897
33016422
33039446
33050961
33073997
33097041
33108566
33177758
33200838
33223926
33293238
33304797
33339486
33408918
33490013
33513201
33524798
33547998
33571206
33582813
33594422
33606033
33640878
33652497
33675741
33687366
33722253
33780438
33792081
33850326
33861981
33896958
33931953
33978641
34037046
34048733
34060422
34072113
34095501
34165713
34177422
34200846
34212561
34224278
34247718
34271166
34282893
34412022
34423773
34459038
34482558
34506086
34553166
34576718
34612061
34635633
34647422
34659213
34753613
34800861
34836318
34848141
34859966
34930958
34966481
34990173
35013873
35049438
35061297
35073158
35132493
35156241
35191878
35203761
35227533
35239422
35263206
35275101
35286998
35334606
35346513
35394161
35406078
35453766
35513421
35525358
35549238
35561181
35573126
35585073
35608973
35644838
35656797
35680721
35692686
35704653
35716622
35728593
35752541
35872401
35920401
35956422
36004478
36016497
36052566
36064593
36076622
36088653
36100686
36124758
36136797
36184973
36197022
36245238
36365918
36426333
36438422
36450513
36474701
36486798
36498897
36523101
36535206
36547313
36559422
36595761
36619997
36632118
36644241
36704886
36729158
36777726
36802022
36826326
36899286
36923622
36935793
36947966
36972318
36984497
37021046
37045422
37082001
37094198
37130801
37143006
37155213
37204061
37216278
37228497
37252941
37277393
37326321
37338558
37363038
37387526
37436526
37448781
37485558
37522353
37559166
37571441
37608278
37620561
37657422
37682006
37718897
37731198
37743501
37755806
37792733
37829678
37878966
37891293
37928286
37940621
38002326
38014673
38039373
38076438
38101158
38125886
38150622
38187741
38224878
38274422
38323998
38336397
38348798
38386013
38423246
38435661
38448078
38472918
38485341
38510193
38547486
38597238
38609681
38659473
38671926
38709297
38721758
38746686
38809041
38821518
38846478
38908913
38921406
38946398
38958897
38971398
38983901
39021422
39046446
39058961
39083997
39109041
39121566
39134093
39171686
39196758
39259473
39359921
39372486
39397622
39410193
39447918
39498246
39510833
39523422
39536013
39636813
39674646
39687261
39712497
39725118
39737741
39851438
39889373
39902022
39914673
39990621
40028622
40104678
40155422
40168113
40180806
40193501
40206198
40244301
40333278
40358718
40371441
40409622
40460558
40486038
40498781
40511526
40549773
40600797
40639086
40651853
40741278
40766846
40792422
40818006
40869198
40920422
40933233
40958861
40971678
41035793
41048622
41061453
41125638
41138481
41151326
41164173
41177022
41215581
41241297
41318493
41395761
41485998
41511798
41524701
41537606
41563422
41576333
41627997
41640918
41679693
41692622
41744358
41757297
41796126
41860881
41886797
41899758
41912721
41951622
41977566
41990541
42003518
42016497
42029478
42107406
42120401
42159398
42185406
42211422
42263478
42276497
42302541
42315566
42328593
42354653
42393758
42445926
42458973
42472022
42485073
42498126
42524238
42563421
42576486
42602622
42615693
42654918
42667997
42681078
42694161
42707246
42733422
42785798
42811998
42851313
42890646
42929997
42943118
42956241
42969366
42982493
42995622
43074438
43087581
43100726
43113873
43140173
43153326
43192797
43205958
43232286
43245453
43271793
43298141
43311318
43364046
43403613
43509213
43522422
43601718
43628166
43681086
43707558
43760526
43800273
43826781
43853297
43866558
43919622
43946166
43999278
44039133
44079006
44105598
44118897
44158806
44172113
44185422
44198733
44212046
44238678
44318622
44358621
44371958
44411981
44465373
44478726
44518797
44532158
44558886
44572253
44585622
44639118
44692646
44706033
44719422
44759601
44786397
44799798
44840013
44866833
44893661
44947341
44987622
45001053
45014486
45027921
45068238
45095126
45122022
45148926
45162381
45270093
45283566
45323997
45350961
45418406
45445398
45485901
45499406
45539933
45621041
45634566
45648093
45675153
45688686
45797022
45810573
45919053
45959766
45973341
46000497
46014078
46041246
46054833
46095606
46109201
46163601
46190813
46218033
46313366
46326993
46340622
46354253
46381521
46395158
46463373
46477022
46490673
46504326
46531638
46545297
46572621
46586286
46668318
46695678
46736733
46805198
46818897
46832598
46846301
46873713
46928561
46955997
46969718
46983441
47052086
47093297
47148273
47189526
47217038
47230797
47258321
47272086
47285853
47340941
47396061
47451213
47478801
47492598
47520198
47534001
47547806
47561613
47630678
47658318
47755121
47782797
47949021
47976753
48004493
48018366
48073878
48087761
48115533
48171101
48184998
48212798
48240606
48282333
48310161
48324078
48379766
48477297
48491238
48588881
48602838
48630758
48644721
48658686
48686622
48714566
48728541
48756497
48770478
48784461
48798446
48896397
48966422
48980433
49008461
49022478
49064541
49134686
49148721
49275126
49401693
49415766
49429841
49443918
49472078
49500246
49528422
49556606
49570701
49584798
49627101
49669422
49711761
49782366
49810622
49867158
49881297
49923726
49966173
49980326
50022797
50036958
50051121
50065286
50093622
50150318
50178678
50235422
50292198
50306397
50320598
50349006
50377422
50391633
50420061
50533853
50548086
50576558
50605038
50619281
50647773
50676273
50761821
50776086
50833166
50904561
50918846
50961713
50990301
51047501
51076113
51090422
51119046
51133361
51176318
51377022
51391373
51420081
51434438
51448797
51520622
51563741
51578118
51635646
51707601
51721998
51765201
51808422
51851661
51923766
51938193
51981486
52024797
52053681
52068126
52082573
52125926
52169297
52183758
52212686
52227153
52256093
52270566
52285041
52299518
52313997
52342961
52400913
52415406
52502406
52516913
52574961
52589478
52603997
52662093
52705686
52720221
52822022
52865681
52894797
52923921
52938486
52982193
53011341
53025918
53055078
53098833
53142606
53171798
53200998
53244813
53259422
53288646
53303261
53332497
53405622
53493438
53566673
53595981
53610638
53625297
53713293
53742641
53757318
53771997
53786678
53816046
53845422
53860113
53889501
53918897
53933598
53963006
53992422
54021846
54110166
54124893
54139622
54154353
54183821
54198558
54228038
54242781
54316526
54331281
54360797
54390321
54434622
54449393
54493718
54656397
54671198
54760046
54804497
54819318
54834141
54952797
54967638
54982481
54997326
55056726
55101297
55131021
55145886
55190493
55205366
55235118
55249997
55369101
55398897
55458513
55473422
55547997
55607693
55667421
55697297
55712238
55757073
55816881
55951566
55966541
56071422
56116401
56146397
56221422
56266461
56296497
56371622
56386653
56416721
56431758
56446797
56461838
56491926
56537073
56552126
56612358
56687693
56732918
56853606
56974422
57004646
57049997
57095366
57110493
57125622
57140753
57201297
57246726
57277022
57307326
57337638
57367958
57383121
57398286
57428622
57474141
57489318
57519678
57534861
57550046
57565233
57580422
57595613
57610806
57641198
57671598
57702006
57732422
57762846
57808497
57823718
57854166
57899853
57915086
57945558
57991281
58067526
58113297
58174353
58204893
58281278
58327133
58342422
58388301
58403598
58418897
58464806
58480113
58541361
58617966
58663953
58709958
58725297
58755981
58771326
58817373
58894158
58909521
58940253
58955622
58970993
58986366
59017118
59078646
59094033
59124813
59217201
59232606
59278833
59294246
59309661
59325078
59433053
59463921
59602926
59618381
59664758
59711153
59742093
59788518
59803997
59834961
59865933
59943398
59958897
59974398
60005406
60036422
60051933
60082961
60113997
60129518
60145041
60160566
60191622
60207153
60347022
60362573
60378126
60424797
60455921
60533766
60596078
60611661
60642833
60689606
60705201
60720798
60751998
60767601
60814422
60830033
60861261
60892497
60923741
60939366
60954993
60970622
61001886
61080081
61127022
61158326
61173981
61189638
61236621
61330641
61377678
61424733
61440422
61471806
61518897
61534598
61550301
61581713
61628846
61660278
61738893
61754622
61786086
61801821
61849038
61880526
61912022
61943526
61975038
61990797
62022321
62053853
62069622
62085393
62132718
62180061
62259006
62322198
62353806
62401233
62432861
62543622
62591121
62606958
62686173
62733726
62765438
62828886
62860622
62876493
62892366
62908241
62924118
62939997
62955878
62987646
63003533
63019422
63114798
63178422
63289841
63321693
63369486
63385421
63417297
63433238
63449181
63512973
63528926
63640653
63672593
63704541
63736497
63768461
63800433
63848406
63880398
63944406
63992433
64024461
64072518
64104566
64120593
64184721
64216797
64232838
64264926
64297022
64313073
64329126
64345181
64393358
64457622
64505841
64521918
64618422
64634513
64795533
64811646
64827761
64843878
64972886
64989021
65005158
65102022
65118173
65150481
65182797
65198958
65312141
65344497
65360678
65393046
65441613
65474001
65506397
65522598
65538801
65603633
65684718
65765853
65782086
65798321
65847038
65879526
65912022
65977038
66042086
66123441
66155997
66204846
66221133
66237422
66270006
66302598
66318897
66384113
66400422
66465678
66563622
66628958
66645297
66710673
66759726
66776081
66792438
66808797
66857886
66890622
66956118
66972497
66988878
67005261
67038033
67103601
67152798
67169201
67234833
67267661
67316918
67366193
67415486
67514126
67530573
67629297
67662221
67678686
67695153
67793997
67826961
67876422
67892913
68008406
68123997
68190093
68239686
68256221
68272758
68289297
68372022
68421681
68570766
68620497
68637078
68703422
68753201
68769798
68786397
68802998
68836206
68935878
69002366
69035622
69085521
69102158
81
726
1373
2022
2673
3326
3981
4638
5297
5958
6621
7286
7953
8622
9293
9966
10641
11318
11997
12678
13361
14046
14733
15422
16113
16806
17501
18198
18897
19598
20301
21006
21713
22422
23133
23846
24561
25278
25997
26718
27441
28166
28893
29622
30353
31086
31821
32558
33297
34038
34781
35526
36273
37022
37773
38526
39281
40038
40797
41558
42321
43086
44622
45393
46166
46941
47718
49278
50061
50846
51633
52422
53213
54006
54801
55598
56397
57198
58001
58806
59613
60422
61233
62046
63678
64497
65318
66141
66966
67793
68622
69453
70286
71121
71958
73638
74481
75326
76173
77022
77873
78726
79581
80438
81297
82158
83021
83886
84753
85622
86493
87366
89118
89997
91761
92646
93533
94422
95313
96206
97101
97998
99798
100701
101606
102513
103422
104333
105246
106161
107078
107997
108918
110766
111693
113553
114486
116358
117297
119181
120126
121073
122022
122973
123926
124881
125838
126797
127758
128721
129686
130653
131622
132593
133566
134541
136497
137478
139446
141422
142413
143406
144401
145398
148401
149406
151422
152433
153446
155478
156497
157518
158541
159566
160593
161622
162653
163686
165758
166797
167838
168881
169926
170973
173073
174126
175181
176238
177297
178358
179421
180486
182622
185841
186918
187997
189078
190161
191246
192333
193422
194513
195606
196701
198897
199998
202206
203313
204422
205533
206646
207761
208878
209997
211118
212241
213366
214493
215622
219021
220158
221297
222438
225873
227022
228173
229326
230481
231638
232797
233958
235121
236286
239793
240966
242141
243318
244497
246861
248046
250422
251613
252806
254001
255198
256397
257598
258801
262422
263633
264846
266061
267278
268497
270941
273393
274622
279558
280797
282038
284526
288273
290781
293297
294558
295821
297086
298353
302166
303441
304718
307278
308561
309846
311133
312422
313713
317598
318897
320198
321501
322806
325422
326733
329361
330678
333318
334641
335966
337293
339953
341286
342621
343958
349326
350673
352022
353373
354726
356081
357438
358797
360158
361521
362886
364253
366993
368366
369741
371118
373878
375261
379422
380813
382206
386397
389201
392013
393422
397661
399078
401918
403341
404766
406193
407622
410486
411921
413358
414797
416238
417681
422022
423473
424926
426381
429297
430758
432221
433686
435153
436622
439566
442518
445478
446961
448446
449933
451422
452913
454406
457398
461901
463406
464913
466422
467933
470961
472478
475518
477041
478566
483153
484686
489297
493926
495473
498573
500126
501681
506358
509486
512622
514193
515766
517341
520497
523661
530013
531606
533201
534798
539601
541206
542813
544422
547646
549261
555741
557366
558993
560622
562253
563886
565521
570438
572081
577022
578673
580326
583638
586958
588621
590286
591953
593622
595293
598641
600318
607046
608733
617198
620598
624006
625713
629133
630846
634278
635997
637718
639441
642893
644622
646353
648086
651558
653297
655038
656781
658526
660273
662022
667281
669038
670797
672558
676086
677853
683166
684941
686718
692061
693846
695633
697422
702801
704598
706397
711806
713613
719046
722678
724497
726318
728141
735453
737286
742797
744638
752022
755726
757581
759438
763158
766886
768753
778118
779997
781878
783761
785646
789422
791313
793206
798897
800798
804606
808422
810333
814161
817997
819918
821841
825693
829553
833421
835358
837297
839238
845073
847022
850926
858758
860721
862686
864653
866622
868593
872541
878478
882446
884433
886422
890406
894398
898398
900401
906422
910446
912461
914478
918518
922566
924593
928653
930686
932721
934758
938838
940881
942926
944973
949073
951126
953181
957297
959358
961421
969693
973841
975918
982161
984246
988422
990513
994701
996798
1000998
1003101
1005206
1009422
1011533
1013646
1015761
1017878
1019997
1024241
1026366
1034886
1037021
1043438
1052022
1058481
1060638
1067121
1069286
1071453
1073622
1075793
1080141
1082318
1086678
1088861
1091046
1095422
1097613
1104198
1106397
1110801
1113006
1117422
1126278
1130718
1132941
1135166
1137393
1139622
1144086
1146321
1150797
1155281
1157526
1159773
1162022
1164273
1166526
1168781
1171038
1173297
1175558
1177821
1184622
1186893
1189166
1191441
1209713
1214301
1221198
1223501
1228113
1230422
1232733
1235046
1237361
1239678
1241997
1246641
1248966
1251293
1253622
1255953
1262958
1265297
1267638
1269981
1272326
1279373
1281726
1286438
1291158
1293521
1298253
1300622
1310118
1317261
1324422
1333998
1336397
1343606
1346013
1350833
1353246
1355661
1360497
1365341
1367766
1370193
1372622
1375053
1377486
1379921
1392126
1397022
1399473
1404381
1409297
1411758
1419153
1424093
1426566
1431518
1433997
1436478
1441446
1446422
1451406
1453901
1458897
1461398
1463901
1466406
1471422
1473933
1478961
1486518
1491566
1494093
1501686
1504221
1509297
1511838
1514381
1516926
1522022
1524573
1527126
1529681
1532238
1534797
1537358
1542486
1545053
1547622
1550193
1552766
1557918
1560497
1563078
1568246
1570833
1581201
1588998
1591601
1594206
1596813
1602033
1604646
1609878
1612497
1620366
1622993
1628253
1630886
1633521
1641438
1644081
1646726
1649373
1652022
1657326
1659981
1662638
1665297
1675953
1678622
1681293
1683966
1686641
1702733
1708113
1710806
1716198
1718897
1721598
1727006
1729713
1732422
1735133
1737846
1745997
1751441
1754166
1756893
1759622
1770558
1776038
1778781
1787022
1789773
1798038
1800797
1806321
1809086
1811853
1814622
1828497
1831278
1834061
1836846
1839633
1842422
1845213
1850801
1878861
1884497
1890141
1892966
1898622
1901453
1904286
1912797
1915638
1918481
1921326
1924173
1927022
1932726
1938438
1949886
1952753
1955622
1981533
1984422
1995998
1998897
2007606
2010513
2016333
2019246
2022161
2025078
2027997
2036766
2039693
2042622
2045553
2054358
2063181
2072022
2074973
2080881
2089758
2095686
2098653
2107566
2110541
2113518
2119478
2122461
2125446
2131422
2143398
2149398
2152401
2158413
2170461
2173478
2179518
2182541
2185566
2188593
2194653
2197686
2203758
2206797
2215926
2218973
2222022
2231181
2234238
2237297
2243421
2246486
2252622
2258766
2264918
2267997
2271078
2274161
2280333
2283422
2286513
2289606
2295798
2298897
2301998
2305101
2311313
2314422
2317533
2320646
2323761
2326878
2333118
2336241
2342493
2345622
2351886
2358158
2367581
2380173
2383326
2392797
2395958
2399121
2405453
2408622
2411793
2414966
2424497
2427678
2430861
2437233
2440422
2462801
2475633
2488497
2491718
2498166
2501393
2511086
2514321
2517558
2524038
2527281
2530526
2537022
2540273
2553297
2566353
2569622
2572893
2579441
2592561
2595846
2605713
2612301
2618897
2625501
2628806
2632113
2635422
2638733
2642046
2645361
2648678
2651997
2655318
2661966
2668622
2671953
2678621
2681958
2685297
2691981
2695326
2698673
2702022
2705373
2708726
2715438
2718797
2722158
2725521
2728886
2735622
2738993
2742366
2752497
2759261
2762646
2772813
2776206
2782998
2789798
2796606
2800013
2806833
2810246
2813661
2817078
2820497
2827341
2830766
2844486
2851358
2861681
2865126
2868573
2872022
2875473
2882381
2885838
2889297
2903153
2906622
2927478
2941422
2948406
2951901
2958897
2969406
2972913
2979933
2986961
2990478
2993997
2997518
3004566
3008093
3011622
3015153
3018686
3022221
3025758
3029297
3036381
3039926
3043473
3047022
3054126
3061238
3064797
3068358
3071921
3079053
3082622
3086193
3089766
3093341
3096918
3104078
3107661
3111246
3125606
3129201
3132798
3136397
3143601
3150813
3154422
3172497
3176118
3183366
3186993
3194253
3212438
3216081
3227022
3230673
3234326
3237981
3241638
3245297
3248958
3252621
3263622
3267293
3293046
3300422
3307806
3315198
3318897
3322598
3326301
3330006
3333713
3337422
3352278
3359718
3367166
3374622
3378353
3382086
3385821
3393297
3400781
3404526
3408273
3412022
3419526
3423281
3430797
3434558
3438321
3453393
3460941
3468497
3472278
3476061
3479846
3483633
3491213
3498801
3510198
3514001
3521613
3529233
3533046
3536861
3540678
3544497
3575121
3578958
3582797
3586638
3590481
3598173
3609726
3613581
3621297
3625158
3629021
3644493
3648366
3652241
3656118
3675533
3679422
3683313
3687206
3702798
3706701
3714513
3718422
3722333
3726246
3737997
3745841
3753693
3765486
3769421
3781238
3785181
3789126
3797022
3800973
3812838
3816797
3820758
3824721
3828686
3836622
3840593
3844566
3848541
3856497
3860478
3868446
3888401
3892398
3900398
3924446
3928461
3932478
3936497
3944541
3952593
3964686
3968721
3972758
3976797
3980838
3984881
3988926
3992973
4005126
4017297
4025421
4033553
4053918
4070246
4078422
4086606
4090701
4094798
4098897
4111206
4127646
4131761
4139997
4148241
4152366
4156493
4164753
4173021
4177158
4181297
4185438
4189581
4193726
4197873
4206173
4218638
4239453
4243622
4247793
4251966
4272861
4281233
4293806
4302198
4306397
4323213
4327422
4331633
4335846
4340061
4344278
4348497
4352718
4356941
4361166
4365393
4382321
4395038
4399281
4420526
4424781
4433297
4437558
4441821
4463166
4467441
4475997
4488846
4493133
4497422
4501713
4514598
4518897
4531806
4540422
4557678
4561997
4566318
4596621
4605297
4609638
4618326
4622673
4631373
4635726
4648797
4657521
4661886
4670622
4674993
4688118
4696878
4705646
4710033
4718813
4723206
4727601
4740798
4767246
4771661
4776078
4811486
4815921
4824797
4847022
4855926
4860381
4864838
4869297
4873758
4878221
4882686
4900566
4905041
4913997
4931933
4936422
4958897
4963398
4967901
4985933
4999478
5003997
5008518
5013041
5017566
5031153
5035686
5044758
5049297
5053838
5058381
5062926
5067473
5072022
5085681
5090238
5108486
5131341
5135918
5140497
5154246
5163422
5168013
5177201
5186397
5190998
5195601
5209422
5218646
5223261
5227878
5237118
5246366
5250993
5264886
5269521
5288081
5292726
5297373
5302022
5306673
5311326
5315981
5325297
5329958
5334621
5348622
5362641
5367318
5404806
5423598
5433006
5442422
5451846
5465997
5470718
5475441
5480166
5508558
5513297
5518038
5522781
5532273
5537022
5541773
5560797
5565558
5570321
5575086
5579853
5594166
5598941
5622846
5632422
5637213
5642006
5646801
5661198
5670806
5680422
5685233
5690046
5694861
5718966
5728622
5738286
5747958
5762481
5767326
5781873
5786726
5791581
5796438
5801297
5820753
5825622
5835366
5859761
5864646
5869533
5874422
5884206
5889101
5898897
5903798
5918513
5923422
5928333
5933246
5943078
5957841
5967693
5972622
5977553
5987421
6002238
6012126
6017073
6026973
6036881
6041838
6056721
6061686
6066653
6076593
6081566
6091518
6096497
6101478
6106461
6126413
6131406
6151398
6156401
6161406
6166413
6176433
6191478
6201518
6206541
6211566
6221622
6231686
6241758
6251838
6256881
6272022
6297297
6302358
6307421
6312486
6322622
6327693
6332766
6342918
6353078
6358161
6363246
6373422
6403998
6409101
6414206
6419313
6424422
6429533
6434646
6439761
6444878
6449997
6465366
6470493
6475622
6480753
6485886
6496158
6511581
6516726
6521873
6527022
6532173
6537326
6557958
6588966
6594141
6604497
6614861
6625233
6635613
6651198
6666801
6672006
6682422
6692846
6698061
6703278
6718941
6724166
6739853
6750321
6766038
6771281
6776526
6781773
6792273
6797526
6813297
6823821
6834353
6844893
6860718
6876561
6881846
6887133
6897713
6903006
6908301
6940113
6956046
6982641
6987966
6998622
7003953
7009286
7025297
7030638
7052022
7062726
7068081
7073438
7094886
7100253
7116366
7121741
7127118
7148646
7154033
7170206
7175601
7191798
7197201
7202606
7208013
7213422
7218833
7229661
7235078
7256766
7262193
7267622
7273053
7289358
7300238
7305681
7311126
7316573
7327473
7338381
7343838
7349297
7354758
7398518
7403997
7409478
7414961
7420446
7425933
7431422
7436913
7442406
7458897
7464398
7475406
7491933
7508478
7513997
7530566
7536093
7541622
7547153
7563758
7569297
7574838
7585926
7597022
7602573
7608126
7619238
7647053
7658193
7674918
7680497
7686078
7714013
7719606
7725201
7730798
7741998
7753206
7764422
7770033
7775646
7786878
7792497
7798118
7814993
7831886
7848797
7860081
7865726
7877022
7888326
7910958
7916621
7922286
7927953
7933622
7939293
7973361
7979046
7984733
8018897
8024598
8036006
8053133
8058846
8075997
8087441
8093166
8098893
8110353
8127558
8156273
8173526
8185038
8202321
8219622
8236941
8265846
8318001
8323806
8335422
8341233
8352861
8364497
8376141
8428638
8434481
8440326
8446173
8452022
8457873
8469581
8475438
8481297
8493021
8498886
8510622
8516493
8534118
8545878
8551761
8557646
8563533
8569422
8634333
8640246
8646161
8652078
8657997
8663918
8675766
8687622
8693553
8705421
8717297
8723238
8729181
8735126
8747022
8752973
8758926
8764881
8770838
8776797
8782758
8788721
8794686
8806622
8830518
8836497
8842478
8854446
8866422
8890398
8920413
8926422
8932433
8944461
8962518
8974566
8980593
8986622
8992653
9004721
9010758
9022838
9034926
9040973
9089421
9095486
9137997
9162333
9168422
9180606
9192798
9198897
9204998
9229422
9241646
9247761
9253878
9266118
9272241
9278366
9284493
9290622
9302886
9309021
9321297
9358173
9364326
9376638
9395121
9407453
9413622
9419793
9425966
9432141
9463046
9487806
9494001
9500198
9512598
9518801
9531213
9537422
9543633
9556061
9574718
9605853
9618321
9630797
9655773
9674526
9687038
9693297
9699558
9705821
9718353
9724622
9730893
9749718
9774846
9781133
9787422
9806301
9812598
9825198
9844113
9863046
9881997
9888318
9919953
9926286
9938958
9957981
9970673
9977022
10008797
10027886
10046993
10059741
10072497
10078878
10085261
10091646
10098033
10104422
10110813
10117206
10129998
10142798
10149201
10155606
10162013
10174833
10187661
10194078
10239053
10258358
10271238
10290573
10303473
10309926
10316381
10322838
10348686
10355153
10381041
10393997
10400478
10406961
10413446
10419933
10426422
10432913
10471901
10497933
10504446
10530518
10543566
10550093
10569686
10576221
10595838
10635126
10641681
10648238
10661358
10667921
10674486
10681053
10687622
10694193
10700766
10713918
10727078
10760013
10779798
10786397
10799601
10832646
10852497
10885622
10892253
10898886
10905521
10912158
10918797
10932081
10945373
10978638
10998621
11038641
11051997
11058678
11072046
11118897
11139006
11152422
11165846
11172561
11179278
11199441
11219622
11233086
11253297
11260038
11273526
11280273
11287022
11320797
11334321
11341086
11354622
11381718
11388497
11395278
11429213
11436006
11456397
11463198
11470001
11517678
11531318
11538141
11551793
11572286
11592797
11599638
11606481
11613326
11627022
11633873
11640726
11647581
11654438
11661297
11668158
11702493
11729997
11736878
11743761
11750646
11757533
11778206
11819606
11826513
11833422
11854161
11881841
11888766
11902622
11909553
11916486
11930358
11937297
11944238
11951181
11958126
11965073
11992881
12027686
12041622
12069518
12076497
12083478
12090461
12125406
12139398
12146397
12160401
12167406
12195446
12202461
12244593
12279758
12293838
12300881
12322022
12336126
12343181
12357297
12371421
12378486
12392622
12399693
12406766
12413841
12435078
12442161
12456333
12463422
12491798
12527313
12534422
12541533
12591366
12612753
12627021
12648438
12655581
12662726
12684173
12712797
12719958
12741453
12748622
12762966
12777318
12784497
12806046
12856397
12863598
12885213
12921278
12935718
12950166
12964622
12971853
12986321
13000797
13008038
13029773
13037022
13044273
13073297
13095086
13109622
13116893
13131441
13138718
13153278
13182422
13189713
13204301
13218897
13226198
13233501
13240806
13248113
13255422
13284678
13291997
13306641
13313966
13321293
13328622
13335953
13343286
13350621
13365297
13372638
13379981
13387326
13394673
13402022
13409373
13424081
13438797
13453521
13475622
13497741
13512497
13519878
13527261
13534646
13542033
13549422
13564206
13571601
13601201
13623422
13645661
13660497
13675341
13690193
13697622
13719921
13727358
13749681
13757126
13779473
13786926
13824221
13861566
13869041
13883997
13898961
13943901
13973901
13996422
14049041
14056566
14064093
14071622
14101758
14162126
14184797
14222622
14237766
14245341
14252918
14260497
14268078
14275661
14290833
14298422
14306013
14328798
14336397
14351601
14359206
14366813
14374422
14382033
14412497
14420118
14465886
14473521
14488797
14496438
14511726
14534673
14557638
14572958
14580621
14603622
14611293
14618966
14626641
14634318
14657361
14665046
14680422
14688113
14695806
14718897
14749713
14803718
14819166
14834622
14857821
14865558
14881038
14888781
14904273
14912022
14927526
14966321
14974086
14989622
15005166
15028497
15083006
15090801
15098598
15106397
15145422
15161046
15176678
15192318
15207966
15223622
15239286
15247121
15254958
15262797
15278481
15309873
15317726
15325581
15333438
15364886
15388493
15396366
15404241
15443646
15451533
15490998
15498897
15506798
15514701
15522606
15554246
15570078
15577997
15585918
15633486
15641421
15657297
15665238
15689073
15704973
15712926
15720881
15728838
15736797
15744758
15752721
15824478
15840446
15856422
15880401
15896397
15904398
15920406
15928413
15936422
15960461
15984518
15992541
16000566
16048758
16064838
16129238
16145358
16161486
16193766
16226078
16234161
16250333
16282701
16290798
16315101
16323206
16339422
16347533
16355646
16363761
16371878
16404366
16436886
16445021
16453158
16461297
16469438
16493873
16518326
16534638
16559121
16567286
16575453
16583622
16616318
16632678
16640861
16649046
16665422
16673613
16714598
16731006
16739213
16772061
16780278
16804941
16837853
16846086
16854321
16870797
16887281
16895526
16903773
16920273
16936781
16945038
16961558
16969821
16994622
17035997
17044278
17060846
17069133
17077422
17110598
17143806
17177046
17185361
17193678
17201997
17226966
17235293
17243622
17260286
17285297
17293638
17301981
17327022
17335373
17343726
17352081
17377158
17402253
17418993
17427366
17444118
17452497
17460878
17469261
17477646
17486033
17494422
17527998
17553201
17570013
17578422
17586833
17603661
17620497
17628918
17645766
17654193
17679486
17713238
17747022
17789297
17831622
17848566
17857041
17865518
17873997
17882478
17899446
17907933
17916422
17924913
17941901
17958897
17984406
18001422
18009933
18035478
18052518
18061041
18095153
18172022
18189126
18197681
18214797
18223358
18266193
18283341
18309078
18317661
18334833
18343422
18352013
18377798
18412206
18429422
18463878
18472497
18489741
18506993
18515622
18532886
18602022
18619326
18627981
18645297
18671286
18697293
18714641
18723318
18731997
18740678
18749361
18758046
18766733
18775422
18801501
18810198
18818897
18836301
18853713
18862422
18879846
18984558
18993297
19010781
19045773
19072038
19080797
19089558
19098321
19107086
19115853
19150941
19177278
19194846
19203633
19247598
19274001
19282806
19291613
19300422
19309233
19318046
19353318
19379793
19397453
19415121
19468173
19477022
19494726
19512438
19521297
19530158
19565622
19592241
19601118
19609997
19618878
19636646
19645533
19681101
19689998
19707798
19743422
19752333
19761246
19787997
19805841
19841553
19868358
19939926
20020593
20074461
20083446
20092433
20101422
20110413
20155398
20182413
20200433
20209446
20245518
20254541
20281622
20299686
20308721
20317758
20326797
20353926
20372022
20390126
20399181
20408238
20435421
20444486
20453553
20471693
20480766
20489841
20498918
20507997
20517078
20571606
20589798
20607998
20644422
20671761
20680878
20689997
20699118
20708241
20717366
20735622
20753886
20772158
20781297
20790438
20799581
20808726
20836173
20845326
20854481
20872797
20918622
20927793
20936966
20946141
20992046
21001233
21028806
21038001
21084006
21102422
21111633
21130061
21139278
21148497
21157718
21194622
21203853
21213086
21240797
21250038
21268526
21277773
21305526
21351821
21361086
21370353
21379622
21388893
21425997
21444561
21453846
21481713
21509598
21518897
21528198
21537501
21565422
21584046
21593361
21611997
21621318
21630641
21649293
21667953
21677286
21686621
21695958
21705297
21723981
21733326
21752022
21789438
21798797
21817521
21836253
21854993
21901878
21911261
21920646
21939422
21967601
21986397
22024013
22042833
22061661
22071078
22089918
22108766
22118193
22127622
22146486
22165358
22203126
22212573
22231473
22240926
22259838
22269297
22278758
22316622
22335566
22373478
22420913
22439901
22515933
22534961
22544478
22553997
22582566
22592093
22611153
22649297
22658838
22668381
22687473
22716126
22754358
22783053
22811766
22840497
22888422
22926798
22936397
22974813
22994033
23013261
23022878
23032497
23042118
23070993
23080622
23090253
23099886
23128797
23148081
23167373
23177022
23215638
23244621
23273622
23331678
23418897
23467422
23496561
23506278
23535441
23545166
23554893
23574353
23584086
23593821
23603558
23613297
23642526
23710797
23720558
23749853
23759622
23779166
23818278
23828061
23837846
23847633
23867213
23877006
23896598
23906397
23955422
23965233
23975046
24033966
24053622
24073286
24083121
24112638
24142173
24211158
24240753
24260493
24270366
24280241
24309878
24329646
24359313
24369206
24379101
24408798
24448422
24468246
24478161
24507918
24517841
24527766
24537693
24547622
24567486
24577421
24587358
24647022
24656973
24666926
24676881
24686838
24696797
24736653
24776541
24796497
24816461
24866406
24876401
24886398
24896397
24906398
24926406
24946422
24956433
24966446
24976461
25016541
25036593
25076721
25096797
25106838
25116881
25126926
25147022
25177181
25187238
25227486
25237553
25267766
25277841
25318161
25328246
25338333
25368606
25388798
25408998
25419101
25439313
25449422
25459533
25469646
25479761
25489878
25550622
25570886
25652022
25672326
25682481
25702797
25712958
25723121
25733286
25773966
25784141
25794318
25814678
25835046
25845233
25855422
25865613
25886001
25896198
25906397
25926801
26049393
26080086
26090321
26100558
26121038
26141526
26162022
26172273
26192781
26213297
26223558
26233821
26244086
26264622
26274893
26285166
26295441
26315997
26377713
26398301
26480733
26501361
26532318
26552966
26583953
26604621
26625297
26677022
26687373
26739158
26822118
26832497
26884422
26915601
26925998
26936397
26988422
26998833
27009246
27030078
27050918
27071766
27082193
27092622
27134358
27144797
27165681
27176126
27186573
27207473
27217926
27259758
27280686
27322566
27353997
27385446
27416913
27427406
27448398
27458897
27469398
27479901
27511422
27521933
27532446
27553478
27574518
27595566
27606093
27648221
27658758
27669297
27679838
27722022
27732573
27743126
27774797
27827622
27838193
27848766
27880497
27922833
27933422
27944013
27965201
27975798
28007601
28050033
28071261
28081878
28113741
28134993
28156253
28198797
28209438
28230726
28294638
28305297
28315958
28337286
28390641
28401318
28411997
28444046
28486806
28497501
28518897
28551006
28583133
28593846
28604561
28668893
28679622
28690353
28711821
28744038
28754781
28819281
28830038
28840797
28905393
28937718
28948497
28980846
29002422
29034801
29067198
29078001
29099613
29110422
29132046
29164497
29175318
29196966
29207793
29218622
29305326
29316173
29348726
29359581
29370438
29392158
29403021
29413886
29457366
29577101
29598897
29609798
29642513
29653422
29664333
29675246
29762622
29784486
29817297
29828238
29872022
29882973
29915838
29948721
29959686
29981622
30014541
30025518
30058461
30080433
30124401
30212433
30223446
30256497
30267518
30300593
30322653
30333686
30344721
30422022
30444126
30510486
30587997
30599078
30632333
30665606
30676701
30687798
30709998
30721101
30743313
30776646
30798878
30809997
30865622
30910158
30932438
30943581
30954726
30988173
31043958
31066286
31088622
31099793
31144497
31166861
31189233
31211613
31222806
31245198
31290006
31301213
31334846
31357278
31368497
31447086
31458321
31492038
31537022
31559526
31570781
31582038
31627086
31660893
31672166
31694718
31717278
31762422
186300806
186328113
186355422
186437361
186546641
186573966
186601293
186655953
186737958
186765297
186792638
186819981
186874673
186902022
186929373
186956726
186984081
187066158
187093521
187148253
187230366
187257741
187285118
187312497
187339878
187394646
187422033
187476813
187531601
187613798
187641201
187668606
187696013
187723422
187750833
187778246
187805661
187833078
187860497
187887918
187915341
187942766
187970193
187997622
188025053
188052486
188107358
188134797
188189681
188217126
188244573
188272022
188409297
188436758
188491686
188519153
188546622
188574093
188601566
188629041
188656518
188683997
188711478
188738961
188766446
188793933
188876406
188903901
188931398
188958897
189041406
189096422
189123933
189178961
189233997
189261518
189316566
189344093
189426686
189481758
189536838
189564381
189619473
189647022
189702126
189729681
189784797
189812358
189922622
189977766
190060497
190170833
190198422
190226013
190253606
190281201
190308798
190363998
190391601
190419206
190446813
190529646
190557261
190584878
190612497
190640118
190667741
190695366
190722993
190750622
190805886
190861158
190888797
190999373
191027022
191054673
191082326
191137638
191165297
191220621
191331293
191469678
191497361
191525046
191552733
191608113
191718897
191774301
191802006
191857422
191885133
191912846
191940561
191968278
192023718
192051441
192245558
192273297
192356526
192384273
192412022
192467526
192523038
192578558
192689622
192717393
192745166
192800718
192828497
192884061
192911846
192939633
193050801
193162001
193189806
193217613
193273233
193328861
193356678
193384497
193412318
193467966
193579286
193662797
193718481
193774173
193857726
193885581
193913438
194024886
194052753
194108493
194136366
194164241
194192118
194219997
194275761
194303646
194331533
194359422
194387313
194415206
194443101
194526798
194554701
194638422
194666333
194694246
194805918
194861766
194889693
194945553
194973486
195001421
195029358
195057297
195085238
195113181
195169073
195197022
195252926
195280881
195308838
195336797
195364758
195392721
195420686
195448653
195476622
195504593
195532566
195588518
195700446
195784413
195840401
195896397
195952401
195980406
196064433
196092446
196120461
196148478
196204518
196232541
196260566
196288593
196316622
196372686
196400721
196456797
196512881
196540926
196625073
196653126
196793421
196821486
196877622
196905693
196933766
196989918
197017997
197046078
197074161
197102246
197130333
197158422
197186513
197214606
197242701
197298897
197326998
197355101
197383206
197411313
197467533
197523761
197551878
197579997
197636241
197692493
197720622
197776886
197889438
197917581
197945726
197973873
198002022
198058326
198142797
198170958
198199121
198227286
198255453
198283622
198311793
198339966
198368141
198424497
198452678
198509046
198593613
198621806
198706397
198734598
198762801
198875633
198903846
198932061
198988497
199044941
199101393
199157853
199186086
199242558
199299038
199355526
199383773
199412022
199440273
199496781
199525038
199609821
199666353
199694622
199722893
199807718
199835997
199920846
199977422
200034006
200062301
200090598
200118897
200147198
200203806
200232113
200260422
200317046
200430318
200458641
200515293
200543622
200571953
200628621
200713638
200741981
200798673
200883726
200940438
200997158
201053886
201138993
201167366
201195741
201224118
201309261
201337646
201394422
201451206
201479601
201507998
201536397
201564798
201593201
201678422
201706833
201735246
201792078
201820497
201848918
201877341
201962622
201991053
202076358
202104797
202190126
202218573
202247022
202332381
202360838
202389297
202417758
202474686
202560093
202588566
202617041
202645518
202787933
202816422
202873406
202901901
202930398
202958897
203015901
203044406
203072913
203101422
203129933
203158446
203186961
203215478
203243997
203272518
203301041
203358093
203386622
203443686
203500758
203586381
203700573
203814797
203843358
203900486
203929053
203957622
203986193
204014766
204043341
204071918
204100497
204129078
204157661
204186246
204214833
204443601
204472206
204500813
204529422
204558033
204586646
204615261
204643878
204672497
204729741
204844253
204930158
204987438
205016081
205044726
205073373
205130673
205159326
205187981
205245297
205331286
205359953
205503318
205531997
205618046
205646733
205675422
205704113
205732806
205818897
205847598
205876301
205905006
205933713
205962422
206019846
206048561
206077278
206105997
206163441
206192166
206278353
206307086
206364558
206393297
206422038
206508273
206623281
206709558
206738321
206910941
206939718
206997278
207054846
207112422
207141213
207170006
207227598
207285198
207314001
207342806
207371613
207429233
207458046
207515678
207573318
207602141
207630966
207659793
207746286
207803958
207832797
207861638
207890481
207919326
207948173
207977022
208005873
208063581
208092438
208150158
208179021
208236753
208265622
208352241
208409997
208496646
208525533
208554422
208583313
208612206
208641101
208669998
208698897
208727798
208756701
208785606
208814513
208843422
208872333
208930161
208959078
209016918
209045841
209074766
209190486
209219421
209306238
209393073
209450973
209508881
209537838
209566797
209624721
209653686
209711622
209740593
209769566
209798541
209827518
210001422
210030413
210059406
210088401
210117398
210175398
210233406
210291422
210320433
210349446
210378461
210436497
210465518
210494541
210552593
210639686
210755838
210784881
210813926
210842973
210872022
210901073
210930126
211017297
211046358
211104486
211133553
211220766
211249841
211278918
211307997
211337078
211395246
211511606
211569798
211657101
211715313
211744422
211831761
211860878
211889997
211919118
211948241
211977366
212064753
212152158
212181297
212210438
212239581
212268726
212297873
212327022
212356173
212414481
212443638
212501958
212531121
212589453
212647793
212676966
212793678
212852046
212881233
212910422
212939613
213056397
213114801
213144006
213202422
213319278
213377718
213406941
213494622
213553086
213670038
213728526
213757773
213787022
213816273
213874781
213904038
213991821
214021086
214079622
214108893
214138166
214196718
214284561
214313846
214372422
214401713
214431006
214460301
214548198
214577501
214606806
214636113
214665422
214724046
214782678
214841318
214870641
214899966
214987953
215017286
215105297
215163981
215222673
215252022
215340081
215369438
215428158
215457521
215486886
215604366
215721878
215751261
215780646
215868813
215927601
215956998
216045201
216074606
216104013
216133422
216162833
216192246
216280497
216309918
216368766
216398193
216427622
216457053
216486486
216545358
216574797
216604238
216663126
216692573
216722022
216751473
216810381
216839838
216898758
216987153
217016622
217075566
217105041
217163997
217311422
217370406
217399901
217429398
217458897
217488398
217576913
217635933
217665446
217694961
217753997
217783518
217813041
217872093
217901622
218078838
218137926
218167473
218285681
218315238
218403921
218492622
218522193
218581341
218610918
218670078
218699661
218758833
218788422
218818013
218936397
218995601
219054813
219232497
219262118
219291741
219321366
219350993
219380622
219410253
219439886
219469521
219499158
219588081
219617726
219647373
219677022
219736326
219765981
219825297
219854958
220032966
220092318
220151678
220181361
220300113
220329806
220359501
220389198
220418897
220478301
220597133
220626846
220656561
220686278
220715997
220864622
220953821
220983558
221072781
221102526
221132273
221162022
221191773
221221526
221251281
221281038
221310797
221340558
221370321
221400086
221459622
221489393
221519166
221578718
221608497
221727633
221757422
221787213
221817006
221876598
221906397
221936198
221966001
222055422
222085233
222115046
222144861
222174678
222264141
222323793
222383453
222443121
222592326
222652022
222681873
222741581
222771438
222801297
222861021
222890886
222920753
222950622
223040241
223070118
223099997
223159761
223249422
223279313
223309206
223339101
223368998
223398897
223428798
223518513
223578333
223608246
223668078
223727918
223787766
223937421
223967358
224147022
224176973
224206926
224266838
224296797
224326758
224356721
224386686
224446622
224476593
224536541
224566518
224596497
224626478
224716433
224836401
224896397
224926398
224986406
225016413
225076433
225106446
225136461
225196497
225226518
225286566
225316593
225346622
225376653
225436721
225466758
225556881
225616973
225647022
225677073
225857421
225917553
225947622
225977693
226007766
226067918
226097997
226128078
226188246
226218333
226248422
226278513
226308606
226398897
226489206
226549422
226579533
226669878
226730118
226790366
226820493
226850622
226880753
226910886
226941021
227031438
227061581
227121873
227152022
227212326
227242481
227272638
227302797
227332958
227393286
227483793
227513966
227544141
227574318
227695046
227785613
227815806
227846001
227876198
227906397
227936598
227997006
228027213
228057422
228087633
228117846
228208497
228329393
228359622
228420086
228450321
228480558
228510797
228571281
228631773
228662022
228692273
228813297
228843558
228873821
228904086
228964622
229115997
229146278
229176561
229237133
229297713
229328006
229358301
229388598
229418897
229479501
229509806
229540113
229570422
229600733
229661361
229691678
229721997
229752318
229782641
229812966
229843293
229964621
230116326
230146673
230207373
230237726
230268081
230328797
230389521
230419886
230450253
230480622
230510993
230541366
230571741
230632497
230662878
230814813
230845206
230905998
230936397
231027606
231118833
231149246
231210078
231270918
231301341
231331766
231392622
231483921
231544797
231575238
231605681
231636126
231666573
231697022
231727473
231757926
231788381
231818838
231879758
231910221
231971153
232001622
232032093
232062566
232093041
232123518
232153997
232275933
232306422
232489398
232519901
232550406
232611422
232641933
232672446
232702961
232733478
232794518
232825041
232916622
232947153
233160926
233222022
233252573
233313681
233374797
233405358
233466486
233497053
233558193
233588766
233649918
233680497
233741661
233802833
233833422
233864013
233894606
233955798
234047601
234078206
234108813
234139422
234170033
234200646
234231261
234261878
234323118
234384366
234445622
234476253
234568158
234598797
234721373
234782673
234813326
234843981
234874638
234997286
235027953
235058622
235089293
235119966
235150641
235181318
235242678
235304046
235334733
235396113
235457501
235488198
235549598
235580301
235611006
235641713
235672422
235733846
235856718
235887441
235918166
235948893
235979622
236010353
236041086
236102558
236133297
236256273
236287022
236317773
236348526
236379281
236410038
236440797
236471558
236533086
236563853
236625393
236656166
236717718
236810061
236840846
236871633
236933213
236994801
237025598
237148806
237210422
237241233
237272046
237302861
237333678
237364497
237487793
237518622
237611121
237641958
237672797
237703638
237734481
237827022
237888726
237919581
237981297
238012158
238104753
238135622
238166493
238197366
238228241
238259118
238289997
238413533
238475313
238537101
238629798
238660701
238691606
238722513
238784333
238815246
238846161
238969841
239000766
239093553
239155421
239186358
239217297
239279181
239402973
239526797
239557758
239681622
239712593
239743566
239836497
239898461
239929446
239991422
240022413
240084401
240115398
240208401
240239406
240301422
240332433
240394461
240549566
240580593
240611622
240642653
240673686
240704721
240735758
240797838
240890973
240922022
240984126
241046238
241201553
241294766
241387997
241543422
241605606
241636701
241698897
241792206
241823313
241854422
241916646
241947761
242009997
242041118
242072241
242103366
242134493
242259021
242290158
242321297
242352438
242383581
242414726
242477022
242539326
242601638
242632797
242663958
242695121
242726286
242819793
242850966
242882141
242913318
242944497
242975678
243006861
243038046
243069233
243100422
243131613
243162806
243225198
243287598
243318801
243350006
243412422
243443633
243474846
243506061
243537278
243568497
243599718
243662166
243693393
243724622
243755853
243787086
243880797
243912038
244037022
244068273
244099526
244130781
244162038
244255821
244318353
244380893
244412166
244443441
244474718
244505997
244568561
244599846
244693713
244725006
244756301
244787598
244850198
244881501
245006733
245163318
245194641
245257293
245351286
245382621
245413958
245445297
245476638
245507981
245539326
245570673
245602022
245727438
245758797
245821521
245852886
245884253
245915622
245978366
246041118
246103878
246135261
246198033
246354998
246386397
246417798
246449201
246512013
246543422
246574833
246606246
246826193
246889053
247172022
247203473
247234926
247297838
247329297
247360758
247392221
247423686
247455153
247549566
247581041
247612518
247643997
247706961
247864406
247895901
247927398
247990398
248021901
248053406
248084913
248147933
248210961
248242478
248273997
248305518
248368566
248400093
248494686
248652381
248683926
248715473
248747022
248841681
248873238
248904797
248936358
248999486
249062622
249157341
249188918
249220497
249283661
249378422
249410013
249441606
249504798
249536397
249631206
249662813
249726033
249789261
249820878
249852497
249884118
249915741
249947366
250010622
250042253
250168797
250263726
250327022
250358673
250390326
250485297
250516958
250675293
250706966
250738641
250770318
250865361
250897046
250928733
250960422
250992113
251023806
251055501
251087198
251118897
251150598
251182301
251214006
251277422
251340846
251372561
251499441
251531166
251594622
251626353
251658086
251721558
251785038
251848526
251912022
251975526
252007281
252070797
252134321
252166086
252197853
252293166
252324941
252388497
252420278
252452061
252547422
252642801
252674598
252738198
252833613
252897233
253024497
253056318
253119966
253151793
253215453
253247286
253342797
253374638
253406481
253470173
253502022
253533873
253565726
253693158
253725021
253756886
253788753
253820622
253852493
253884366
253916241
253948118
254011878
254043761
254075646
254139422
254266998
254330798
254394606
254522246
254586078
254617997
254681841
254713766
254777622
254809553
254841486
254873421
254905358
254937297
255033126
255065073
255097022
255128973
255160926
255192881
255224838
255320721
255352686
255384653
255448593
255480566
255512541
255576497
255640461
255736422
255768413
255800406
255832401
255864398
255928398
256024413
256088433
256120446
256184478
256248518
256280541
256344593
256408653
256472721
256504758
256568838
256600881
256632926
256664973
256697022
256729073
256825238
256953486
257017622
257049693
257081766
257274246
257306333
257434701
257466798
257595206
257627313
257659422
257691533
257723646
257980622
258012753
258044886
258141297
258205581
258237726
258269873
258334173
258398481
258430638
258494958
258559286
258591453
258655793
258720141
258752318
258784497
258816678
258913233
258945422
258977613
259042001
259074198
259106397
259235213
259267422
259364061
259396278
259428497
259460718
259557393
259589622
259621853
259654086
259686321
259718558
259783038
259847526
259879773
259912022
259976526
260041038
260073297
260105558
260170086
260266893
260299166
260331441
260363718
260428278
260460561
260492846
260525133
260557422
260589713
260622006
260654301
260686598
260718897
260783501
260815806
260848113
260912733
260945046
260977361
261041997
261106641
261138966
261171293
261268286
261300621
261397638
261429981
261494673
261527022
261559373
261591726
261624081
261688797
261721158
261753521
261785886
261915366
261947741
261980118
262012497
262077261
262174422
262206813
262239206
262303998
262336397
262368798
262401201
262466013
262498422
262530833
262563246
262628078
262660497
262725341
262757766
262822622
262855053
263017238
263049681
263082126
263114573
263147022
263244381
263309297
263341758
263374221
263504093
263569041
263601518
263633997
263666478
263698961
263731446
263763933
263991398
264023901
264218961
264251478
264349041
264446622
264479153
264511686
264544221
264706926
264772022
264804573
264934797
265032486
265097622
265195341
265227918
265260497
265293078
265358246
265423422
265456013
265488606
265521201
265553798
265618998
265651601
265684206
265782033
265814646
265879878
265945118
266010366
266108253
266140886
