2 1 1
7 2 5
13 9 4
23 8 15
31 9 22
37 7 30
41 17 24
47 2 45
61 12 49
73 56 17
83 9 74
89 33 56
101 48 53
103 92 11
107 105 2
131 59 72
139 125 14
149 16 133
151 16 135
157 16 141
163 119 44
181 14 167
191 40 151
193 149 44
197 82 115
199 36 163
211 64 147
223 25 198
227 9 218
233 26 207
239 218 21
257 186 71
271 160 111
277 214 63
281 33 248
307 19 288
311 28 283
313 227 86
337 190 147
347 127 220
353 149 204
359 150 209
373 83 290
379 126 253
383 9 374
389 33 356
397 167 230
433 335 98
443 133 310
449 435 14
461 187 274
463 17 446
467 441 26
487 182 305
499 293 206
523 518 5
547 206 341
557 423 134
563 3 560
569 421 148
577 559 18
587 188 399
601 269 332
607 361 246
613 437 176
617 437 180
619 351 268
631 247 384
641 360 281
643 177 466
653 173 480
659 245 414
677 215 462
701 341 360
727 319 408
733 355 378
757 333 424
761 515 246
769 70 699
773 440 333
797 408 389
823 796 27
829 648 181
863 103 760
877 717 160
907 564 343
929 581 348
941 846 95
967 275 692
1021 136 885
1031 557 474
1039 346 693
1049 1013 36
1051 441 610
1069 278 791
1087 1013 74
1109 966 143
1117 142 975
1171 948 223
1193 1092 101
1213 1129 84
1217 78 1139
1229 541 688
1259 668 591
1289 302 987
1291 185 1106
1319 840 479
1321 522 799
1327 232 1095
1361 168 1193
1367 1161 206
1373 1250 123
1381 1229 152
1409 329 1080
1429 587 842
1433 525 908
1451 350 1101
1481 608 873
1483 775 708
1499 146 1353
1511 119 1392
1523 896 627
1579 317 1262
1601 431 1170
1637 1172 465
1709 1035 674
1733 883 850
1759 923 836
1777 1423 354
1787 757 1030
1789 215 1574
1831 127 1704
1867 1431 436
1877 408 1469
1879 1271 608
1889 1419 470
1913 120 1793
1931 276 1655
1933 581 1352
1973 89 1884
1979 1371 608
1993 10 1983
2003 220 1783
2029 558 1471
2053 1758 295
2063 946 1117
2069 1545 524
2083 225 1858
2087 153 1934
2089 56 2033
2099 104 1995
2113 493 1620
2129 1851 278
2131 487 1644
2137 960 1177
2141 1621 520
2153 107 2046
2161 227 1934
2179 1433 746
2203 49 2154
2213 742 1471
2221 1612 609
2243 1046 1197
2251 51 2200
2267 1986 281
2269 7 2262
2287 2054 233
2293 568 1725
2309 1547 762
2333 209 2124
2351 108 2243
2357 1941 416
2377 2368 9
2381 368 2013
2383 2230 153
2389 1685 704
2399 1497 902
2417 2185 232
2423 784 1639
2441 1778 663
2467 1852 615
2503 2115 388
2539 1503 1036
2543 3 2540
2591 2398 193
2617 423 2194
2621 709 1912
2633 2391 242
2657 2283 374
2677 639 2038
2689 1862 827
2693 995 1698
2699 813 1886
2707 87 2620
2713 467 2246
2719 1015 1704
2729 2412 317
2731 1524 1207
2741 2213 528
2767 2730 37
2777 2620 157
2791 450 2341
2797 919 1878
2803 2195 608
2833 1599 1234
2837 2415 422
2861 198 2663
2879 658 2221
2897 262 2635
2909 641 2268
2957 1474 1483
2971 1818 1153
3001 1162 1839
3023 368 2655
3037 1758 1279
3061 2105 956
3079 315 2764
3109 1230 1879
3119 2029 1090
3163 1532 1631
3167 2322 845
3187 1373 1814
3191 500 2691
3221 383 2838
3229 3039 190
3257 1696 1561
3299 2596 703
3307 2182 1125
3319 1769 1550
3323 1832 1491
3329 986 2343
3331 2044 1287
3343 1648 1695
3359 2320 1039
3361 620 2741
3373 331 3042
3389 1278 2111
3391 3318 73
3407 547 2860
3433 3320 113
3449 1137 2312
3457 516 2941
3467 2540 927
3469 1058 2411
3499 1737 1762
3511 673 2838
3527 1939 1588
3539 1317 2222
3541 734 2807
3557 3352 205
3571 29 3542
3583 3466 117
3617 3092 525
3631 2132 1499
3659 2889 770
3671 137 3534
3691 159 3532
3697 2242 1455
3701 201 3500
3719 1251 2468
3739 3699 40
3761 1622 2139
3769 2491 1278
3803 1135 2668
3823 225 3598
3833 3199 634
