62515892
463806668
664452068
1467033748
2570583767
3072197492
4376393411
6182203703
7486400428
7687046108
7787368951
8790597491
10496086468
11298669716
11900607236
12201576023
13405451351
14007389123
15211264883
15712879868
16013848883
17117402092
17217725123
17318048156
19926447716
21230648003
21732263588
22534848628
25343897276
25845513271
27049391863
28052624243
29657796467
29758119748
30460382771
32567172428
35978167076
37182048092
39589810988
40091428403
41395633916
42398869156
44906958131
45508899671
46311488503
46512135731
47314724723
47415048356
48418284796
48719255767
49220874092
49421521436
50224110892
51227347892
52029937636
52230585092
52330908823
52431232556
52631880028
52832527508
53434469996
53735441267
54036412556
55139974103
55240297892
55440945476
55741916867
55942564471
56845478788
58049364796
58550984051
59253251092
59453898836
62363292023
63567179351
63868151228
64771066967
65072038916
66376250903
66476574916
69787268467
69887592548
71593102231
72295371092
73699909108
74703150788
74803474967
75305095892
76910283188
77712877028
77813201267
78415146743
80020335031
80220983603
80321307892
80521956476
81324550892
82929740108
83431361843
83932983628
84233956723
84434605463
85136876116
85738822468
86039795671
86140120076
86742066548
87444337523
88347257492
88547906396
89149853156
91758289948
92560886156
94065754391
94667701811
95269649303
96172570676
97577115356
98078738551
98179063196
98379712492
99081985091
100887829367
101790751748
102192050636
103696921751
103897571267
104298870323
105603092476
106405690892
106907314967
107007639788
107408939092
107609588756
109917060467
110619334676
112826482828
114532007063
115836231868
117642082156
117842732228
119447933092
119648583236
119949558467
120451183892
122056385588
122257035836
122858986628
123159962051
123862238108
124062888428
125166465331
125668091276
127473945092
128176221751
129179474291
129580775363
129982076467
132690859756
134998342967
135700620676
136503223892
139312336156
139412661623
140014614467
141118194868
141318845876
141820473431
142021124467
142522752092
143927309708
145131216548
146234798071
147639356723
148542287492
149144241428
150147498148
151451732183
152154012188
152555315092
153357920996
154762481636
154963133188
155765739476
156167042668
158374210796
158976165908
159377469356
322409642231
323312604356
323814250051
324215566643
324917870756
325519845788
325921162516
328128405092
329031368243
330937624316
331539600068
332241905203
332843881111
334750138628
335352114836
335954091116
336556067468
336756726268
338061008663
338963973596
339967268156
340368586036
341371880876
341973857876
342074187383
342977153036
343980448396
344682755267
344783084828
345385062236
345987039716
346388358076
347491983731
349097257843
349598906108
350401543436
351806159068
352006818476
352608796748
355117040323
356220667892
357023306276
358829243108
359130232643
359330892343
359631881908
360936170231
361237159892
361437819676
361738809367
363344088023
364247057492
366654976868
367256956892
367557946931
369263557492
371069498716
372875440588
373176430963
373577751491
373979072051
374079402196
374581052951
375283364092
377089307476
377490628316
377590958531
378192939863
378493930556
378594260791
379196242243
379998884291
381503838476
381804829367
382707802148
383109123436
384614078551
384814739267
386520355676
386921677268
387924981388
389028616151
390332912092
390433242563
390934894948
391436547383
392941504988
393041835511
396051752131
397055058071
398259025463
399663654451
400767291788
401268945203
401770598668
401870929367
402372582892
403476220823
405282174323
406586474476
406887466867
407589782516
407790444148
409997722628
410599707836
410900700467
411402354892
412205002076
413007649388
415415592092
416820225868
417522542903
418325191063
419930487767
422338433783
422739758231
426151017331
427354991683
428659297556
428759628791
430063935028
431167579031
432371554583
432672548516
433575530423
433976855767
434277849796
434578843843
434980169267
435381494723
435481826092
435582157463
435682488836
437287791076
437689116716
439796076851
439896408308
441100385948
441602043383
441702374876
442103700868
443107015988
444310994396
445213978391
446016630967
446417957303
448324257836
449126910908
450029895767
450932880788
451033212467
451133544148
452237192771
452437856183
453340841636
453541505092
454544822492
454645154243
455347476556
456250462531
456952785068
458758757756
459561412492
460464399223
460564731092
461768713676
463775351956
463875683891
464979335308
465280331191
465581327092
468089626967
470798592236
470898924311
471902245171
472504237783
473407226836
473607891092
474310216051
474410548196
475213205428
475815198436
476015862788
476316859331
478122838967
479627822492
480029151508
481333471031
481634467892
481835132476
483340117111
483641114092
484443772796
485346763991
486952082071
487453744076
487855073716
488256403388
489962054851
490664382092
492069036868
492269701868
493875022156
494376684851
496283003548
497587327283
497888325116
498189322967
501299635148
501700965892
501801298583
501901631276
502001963971
502503627476
505112278508
505513609556
506316271748
506416604531
507520265276
511734244892
512637240983
513439904311
514342900708
518055220931
518255886967
518958218156
520663880023
521466544631
522369542468
522670541783
522770874892
524877870643
525279203267
526483201331
526683867703
527185533668
529994863996
530095197251
530396197028
530496530291
531299196467
531499863031
534309195767
537820863892
537921197303
539125198391
539626865596
539727199043
540329199767
540730533623
541131867511
542636869876
543038203916
543640205036
545044874596
545546542391
545747209523
548456216588
548656883836
549660220196
551165225111
551466226148
551566559831
551967894583
552268895668
552469563068
552770564183
553372566467
554275570028
554476237508
554877572492
555479575028
556382578967
557084915476
557586584471
558288921148
559894262492
560496265628
561499604348
561599938231
2982937669628
2998396542596
1445117314876
1447525751308
1448228212151
1448328563708
1448529266828
1448629618391
1448930673092
1449532782548
1449633134131
1450737001676
1450837353283
1451840869463
1452242275991
1452342627628
1452844385843
1453446495767
1454751067516
1455453529367
1456657749911
1457460563767
1459266895411
1460069709683
1463180616196
1463280968051
1464083782963
1466090820803
1468499267267
1469101379063
1469904194903
1472513347267
1473015107492
1473115459543
1473215811596
1473717571891
1474018628092
1474420036388
1474520388467
1477029191092
1478032712492
1479036234092
1480039755892
1480240460276
1480441164668
1480742221271
1482247504556
1483752788291
1483953492823
1484354901911
1484655958748
1485358424771
1485759833971
1486964061763
1487566175767
1489171813463
1490877804076
1491479918548
1492583795267
1493286262396
1493888377156
1493988729623
1495293311876
1495694721868
1495795074371
1495895426876
1496296836916
1496698246988
1497400714691
1498103182492
1498504592708
1499207060663
1500210586483
1500411291671
1500511644268
1500611996867
1500812702071
1501916580836
1502719401908
1502819754551
1504927160516
1505930687476
1506131392892
1508038094743
1510546914068
1510747619668
1511149030892
1511450089331
1511650794967
1512252911923
1514962439116
1517471261891
1518575144308
1520080438903
1520381497876
1523191382492
1607890069028
1608191133251
1608291487996
1609094326028
1610499292892
1610700002476
1611703550516
1611904260148
1612606743923
1613208872951
1613409582643
1614212421491
1614312776356
1616119164268
1616922003548
1619230167191
1620936201868
1621136911868
1621337621876
1622240817011
1622642237123
1624548983092
1625251468631
1626255019571
1627258570711
1630168870148
1630369580516
1632276329411
1632577395092
1632677750323
1635086276467
1635186631748
1638197291108
1639802976836
1642612928092
1643917548851
1644017904308
1645322525431
1645623591892
1646225724868
1648232835308
1649035679708
1649136035267
1649236390828
1650239946548
1650741724483
1651143146867
1653049903628
1655057016788
1657064130748
1658168043767
1658770178243
1660175158967
1660476226316
1661479784276
1663286189108
1663386544951
1664691171092
1665293306348
1666999356631
1668103271828
1668705407492
1669809323063
1670913238876
1671314662868
1672518935036
1674224987767
1674626412023
1674726768092
1674827124163
1675128192388
1677135314348
1678038519491
1678339587908
1678540300196
1679242793267
1679945286436
1680346711148
1680948848276
1681249916867
1682253478967
1682654903863
1684461316291
4100314742468
4103527684228
4117985947492
4123909831223
4125415904468
4126821573236
4138267747796
4161160174892
4167184515092
4169594253188
4171702774967
1686067016771
1686167373068
1686970223516
1687371648788
1687672717763
1687773074092
1690281982967
1691486259671
1691586616076
1692289110967
1692590180236
1694898378563
1695901943383
1696203012868
1696704795383
1698009430156
1699314065267
1699615134956
1702324762967
1703227972628
1703328329267
1703529042551
1703629399196
1703729755843
1706339029367
1707242239748
1708647233996
1709951871863
1711657937276
1712059364516
1712460791788
1713966144343
1714969712963
1715070069836
1715371140467
1715471497348
1715772568003
1716173995571
1717779706163
1718482204708
1719285060308
1719586131191
1719686488156
1720188273011
1723901482492
1725507195548
1728618266051
1730324337788
1730725766516
1731628981271
1731930052892
1733736482996
1735542913748
1735843985603
1736245414771
1736947915892
1737248987831
1738955062492
1739256134551
1739456849267
1740460422967
1741564354268
1745578651948
1746080439383
1747084014403
1747886874563
1748790092396
1749291880151
1750195098236
1750997958892
1753105468723
1753807972196
1758524783767
1759227287996
1759428003508
1761635874668
1761836590276
1762338379331
1763141241923
1763542673267
1763643031108
1764144820343
1764847325356
1765750546231
4180839712868
4189474636436
4195800229367
4197707949428
4202929081708
4222608782756
4224416106092
4228834010308
4240782452471
4253734997396
1766051619892
1766653767268
1767456630548
1769062357492
1769965579123
1772374170931
1772976319063
1773076677092
1773879541396
1774682405828
1774883121956
1775384912311
1775485270388
1781506758668
1781908191476
1782209266103
1782610698967
1784718222028
1784818580291
1785320371636
1785420729911
1785621446467
1786123237892
1786725387668
1787728970788
1789535420908
1790438646211
1790539004588
1791241513283
1792345455716
1796058718403
1797363378916
1797664454467
1798366964156
1800976286716
1801177003892
1802682382967
1803987045196
1804990631756
1805793501148
1805994218516
1807098164183
1808101751363
1812417178516
1815427943836
1816331173783
1816531891571
1818037275236
1818840146708
1821951274871
1822051633876
1822252351892
1822453069916
1825965636631
1827169945783
1827772100467
1828976410051
1829980001591
1830381438263
1830481797436
1836101914316
1838109100436
1838911975108
1842625272131
1843929944708
1844431741943
1845836774467
4256646814403
4261667192503
4263574937492
4263775752796
4267490837363
4270603477892
4271205924668
4273816528196
4279941411011
4280543858903
4281347122871
4292090790748
4293094873028
4293898138996
4302834481523
4305344692948
4306248369367
4308658173943
4311971657116
4315787185892
4322414163788
4322815799092
4327032971716
4327535016311
4330145649011
4332756283063
4334061600596
1846539290876
1847141447876
1847241807383
1847542885916
1848145043036
1850152233956
1851657627671
1851757987268
1853163021836
1854066258551
1855069855091
1855370934092
1855772372788
1856374530892
1856976689068
1857879926467
1858281365363
1858482084823
1859485682243
1860188200556
1860388920092
1860890718967
1861593237476
1864403312492
1864804751908
1865005471628
1866009070348
1867514468803
1868518068023
1870023467228
1870224187156
1871428506892
1873435707092
1873736787191
1874238587396
1877751190231
1879356952343
1880962714967
1881163435331
1881865956668
1882066677068
1883170639411
1883371359863
1883873161028
1884174241751
1884475322492
1885278204556
1886582888183
1886683248476
1886883969068
1887285410276
1889292616796
1889493337492
1890195859991
1891099103348
1892704869716
1894812438851
1895715683036
1895816043511
1896117124948
1896418206403
1896518566892
1896618927383
1897421811383
1897622532403
1898525777092
1898826858691
1898927219228
1900633348663
1902339478676
1902439839283
1903142363588
1904748133796
1904948855108
1906253543831
1906755347276
1906956068668
1907959675748
1914683848343
1915587096092
1918196479388
1920404420156
1920504781123
1923214527988
1923415250036
1923615972092
1925221748828
1925623193092
4349725437356
4350528712348
4368200794556
4409268543043
4414489894451
4415192769092
1930139443267
1930239804428
1930741610263
1931042693788
1933250640188
1934254252508
1935057142508
1935960393911
1936060755188
1937566174583
1937867258516
1938369065111
1939171955767
1940275930628
1940978460211
1941078821588
1942182796867
1942383519671
1942784965303
1944691832492
1948003761431
1949308461308
1950713523092
1953021839731
1954326540908
1954928710796
1956032689111
1956935944276
1957136667668
1957839199603
1958541731636
1958943178556
1959043540291
1961954031476
1964061629591
1965968504836
1967775018892
1968979361956
1969180085828
1969982981396
1970183705308
1971588772916
1976907960983
1977409771468
1978011944116
1978614116836
1979517376051
1982126792471
1984435123508
1984535485751
1986241644188
1988148527831
1988951426423
1990858311092
1992062659676
1993367370967
1993969545523
1994772445043
1995374619767
1995474982228
1995876432092
1995976794563
1996277881988
1998987669623
1999288757228
1999589844851
2000192020151
2004607974551
2005511238428
2005812326423
4418707143767
4421518645271
4422121110083
4429250282492
4431459323876
4431860967868
4433166311063
4438889742908
4445115237556
4451039505731
4453148145236
4456762957868
4461281477303
4462988474588
4464795884108
4468209881636
4471824705068
4473230470436
4476042002348
4481966306867
4484175371351
4486083200548
4492308753476
4495421532823
2007618854771
2008421756467
2009124295556
2010127922996
2011733727316
2012034815683
2014142434756
2015246426051
2016952594892
2018658764311
2020565660228
2021669652931
2023576549988
2023676913011
2024078365123
2025684173891
2026788167716
2028494340467
2031204145436
2031304508611
2031806324516
2031906687703
2034114678323
2035017947492
2035118310743
2036322669911
2037527029367
2038329935831
2042745923671
2043950284663
2044351738391
2045556099767
2045857190156
2046258644036
2048265913916
2049771366851
2049871730396
2050273184596
2050574275267
2051979365303
2053685546588
2054287728356
2055191001143
2056997547203
2057097910892
2058101547892
2058904457636
2060811368791
2061815006531
2062015734103
2062818644471
2063420827331
2066130651092
2068037564983
2069342295956
2070948119156
2071349575036
2071851394931
2072052122903
2073055762883
2073457218931
2074460859191
2076969960716
2077672509367
2081687074967
2083794723188
2085400550996
2086805650748
4497630603203
4507671844403
4509680095043
4512190409468
4512993710348
4513395360836
4513495773463
4513696598723
4515202788428
4517612692892
4519018471028
4522231679668
4524139523267
4531068013988
4536389904631
4544925023996
4547033702771
4549142382428
4550849409463
4553359744388
4557878350403
4559685793943
4567015988276
4570128813751
4573844124092
4575852401092
2089314758423
2089916944451
2090318401843
2092727146867
2092827511268
2093831155388
2094031884236
2094433341956
2095838444228
2096340266563
2096641359988
2097745369367
2098648649948
2099250837092
2100856669828
2102261773892
2102964326071
2103265419892
2103767242967
2106477088436
2107179641203
2108885841188
2109287300092
2109588394291
2110190582743
2112097513316
2112498972476
2114305539092
2114807363267
2117316484892
2118119404076
2118320133892
2119925972708
2121331082092
2123739841948
2124442397123
2125646777651
2126650428311
2128055539571
2129862111767
2130163207196
2131769049788
2131969780148
2134378545092
2134980736508
2135482562743
2135884023767
2136385850092
2136988041748
2138593886516
2140601193196
2141002654628
2141203385356
2141905942967
2142809231468
2144013616388
2144515443523
2145318367043
2151741759811
2153648706116
2153849437348
2155756384451
2156358578423
2158064795068
2159871378028
2161477230092
2162079424748
2163986374967
2165893325908
4578362748467
4579366887767
4584186759191
4584387587267
4587098767076
4588805806963
4589709534196
4592019060083
4596537700748
4597039772183
4599951787492
4609892817943
4615315206451
4615716865091
4620034697492
4624452948428
4624854607796
4629072033092
4631080332092
4634293612156
4636301913236
4636502743388
4638310215116
4646845507031
4654175828092
2168001009367
2171011987267
2171814915011
2172517476892
2175428091443
2176532118092
2179041270467
2179442734963
2183758480316
2184059578967
2184962875028
2186568735092
2186769467636
2188676427203
2189378991436
2189780456756
2191486684723
2193293279671
2194598043092
2194698409523
2196806105036
2198411968876
2199516000563
2200218566308
2203430296676
2204835429356
2205537995843
2206340929091
2206842762436
2207846429276
2208147529367
2208749729603
2209954130291
2210757064243
2211158531267
2211258898028
2212664032892
2213366600471
2215273570108
2215976138051
2216879439836
2218284576268
2218485310076
2218585676983
2219990813891
2222299253948
2222499987916
2224507328036
2224607695063
2225109530228
2226113200708
2226313934828
2226615036023
2226916137236
2228321276468
2228421643571
2228522010676
2229726416092
2230027517491
2232938165276
2234644407863
2234744775092
2235045876791
2235246611267
2238157262068
2239562404436
2241569751356
2241770486092
2242171955588
2242272322967
2243978568716
2246889224563
4657489538371
4659598264228
4665824031428
4673857290788
4675664775908
4679480579956
4680083075596
4684702211228
4686509700236
4689020102711
4689220934963
4692434252083
4699162141436
4699563806756
4702576297676
4702977963268
4704484209523
4707998785868
4715228779196
4723965034967
4724165868611
4734408395063
2247892899383
2248294369367
2250903925043
2252208703388
2254717893463
2258230761668
2260940690243
2261743632323
2262847677892
2263148781271
2265256505428
2265457241108
2267866069892
2269471956388
2269873428092
2270074163956
2271378947267
2272482994948
2274691091036
2276397347767
2276798820023
2277501396548
2278003236983
2278906549892
2279408390467
2283824589683
2284527167188
2285831954243
2286333795508
2286835636823
2287738951316
2289144107516
2289244475831
2289746317436
2290448895767
2290549264108
2291653315991
2292857736503
2295868789043
2295969157492
2297775789916
2298378000868
2298879843383
2298980211892
2302091636663
2302593479548
2302994953892
2303898271283
2304500482967
2305102694723
2305704906551
2306006012492
2309017072892
2312028135092
2312429610188
2312831085316
2313433298068
2313634035668
2319053953892
2319656167388
2320258380956
2320358749891
2320559487767
2321763915191
2321864284156
2323169080883
2323470187868
2325979413443
2326581627767
2327786056631
4740333003196
4743144684068
4743847604531
4749370554436
4750977231908
4752985579468
4756500189623
4764433175836
4765336934551
4766341111091
4768048211668
4770357819251
4772366174531
4773772023703
4779395424311
4782508380916
4786324265828
4792650607703
4794257298967
4794357717188
4800483232451
4803194528468
4804801223092
4809721728563
2329893807836
2331198606643
2331298975796
2331499714108
2332302667436
2332904882516
2333406728471
2333908574476
2334711528188
2335815589751
2337220759363
2337622236467
2338324821476
2338625929367
2338726298668
2339127775892
2340332207756
2340733685108
2341536639908
2343343288676
2344648090967
2345350676956
2345451046391
2345752154708
2346454740851
2346755849228
2348361760876
2348462130371
2348963977876
2349867303511
2351874694391
2357093914423
2359502787031
2361108702743
2363216467892
2364320535703
2366528672051
2367833480348
2368234959892
2371647537308
2373052716916
2373253456892
2373353826883
2373755306867
2374658636948
2374759006967
2375762707267
2376866777828
2377268258092
2377770108467
2377970848631
2378673439268
2378773809367
2380379731223
2380981952051
2382888985148
2383290465892
2383491206276
2384695648748
2385699351028
2386803423767
2387305275092
2387907496748
2390316384092
2391420457843
2394030087671
2396940830228
2397944534948
2398145275916
2399249351383
2400955650308
2403364543892
2407278998423
4819261497748
4820064847556
4822876572892
4827395420467
4828901703892
4831311758308
4836533546828
4843362047668
4847177978636
4850190557756
4850793073796
4850993912492
4858324530371
4865554739267
4867864391516
4867964811203
4868266070276
4881722327228
4884734926988
4886542487708
4897488285911
2408985300068
2409085670771
2409788265748
2409989007188
2411093085251
2411594938996
2411695309751
2415007545788
2417617187836
2417717558711
2419825347548
2421832766308
2422033508228
2423438701892
2424743524931
2425245380036
2426650574596
2427152429891
2427353172023
2427654285236
2427754656311
2428758367171
2429962820467
2430565047223
2432070614428
2436286204996
2436988803767
2437490660092
2437791773911
2438293630316
2438795486771
2440301056436
2441405141143
2442007369267
2443011082967
2443211825731
2445620739523
2447126311228
2448932997868
2449234112371
2449334483876
2450237827511
2451843772151
2452144886828
2452747116236
2452947859388
2453048230967
2453148602548
2453851203671
2456761980796
2457263839091
2457765697436
2459672759603
2460576105092
2463386514316
2463788001476
2464791719516
2465895809591
2467702502963
2469509196983
2470713660023
2471014775828
2471717379443
2475230398988
2476033375228
2478040816388
2480650491092
2481854956796
2482758306263
2483260167148
2484966494531
2486873566996
2487475800556
2488379151031
4902308461463
4909438312916
4912049246956
4913053452716
4919882057188
4924501412516
4924903095788
4928919930268
4930124981236
4937154450956
4939263293783
4942376349092
4944886878967
4948803308068
4949405835892
4954828589548
4959146712371
4966477487492
4976017553267
4976419240643
160882357571
161083009367
161785290716
162888875891
163290179651
164092787267
165296698931
167704523123
169008761708
169209413828
169410065956
169911696311
171215935468
173423110196
174526697923
175730612083
176232243068
176432895476
177837462556
179141703767
180245292748
181549534583
184057692908
185361935731
187268137388
187468790236
187669443092
188171075267
189475319156
189575645623
190478583916
190879889876
191481848876
193789359043
194090338708
194290991828
194792624663
194892951236
195896217076
196297523468
197601769463
198103402628
198705362492
202517776636
202718430092
203621370743
204524311556
205527579316
205728232892
206029213271
206932154516
207032481331
207734769092
207835095923
209139344908
210844901783
210945228676
213052093891
213754382492
214857979063
216061902871
216663864883
218369424308
218770732492
219071713651
219172040708
219372694828
220275638467
221178582268
221479563571
223084797491
223185124628
223285451767
223385778908
223586433196
224890686263
227499193411
227599520636
227800175092
228201484028
228502465751
229706392823
229806720092
231010647476
231110974771
233819812492
234120794551
234522103991
235224395588
235826359892
236829633892
237230943548
237632253236
237832908092
241545024371
241946334403
242046661916
242849282092
243350919767
243651902396
244354195267
245558126131
245758781303
246962712503
248266971628
248467626908
250072869436
250875490892
251377129367
252380406467
252781717363
255289911188
255891877892
256092533476
256493844668
256594172471
257196139331
258400073267
259202696051
259904991092
260506958348
262312860548
263015156023
266225650871
267529914988
268031555123
268131883156
269235491651
274251896951
274954194092
275355506788
276960757892
277562727188
277663055411
278465681267
278666337751
278766665996
279569292028
279669620291
281174544476
281475529367
281575857668
281776514276
282278155831
284184394196
284585707628
284686035991
286391618468
286491946867
287394902548
289200814396
290505084467
291107055383
291608697868
291809354876
293013297092
293314282691
293615268308
293815925396
294217239596
294718882391
295220525236
296524796867
296625125468
297929397463
298029726092
299333998451
300738599831
301440900668
302143201603
302644845188
303748461251
304350433751
304450762508
305052735092
306557666867
307159639703
308363585591
310069176092
311774767171
312276411716
315386609011
317192530903
317894834036
319199111543
319500098708
320603718467
321005034803
562904278892
563506282388
563706950236
564509621708
564910957492
565312293308
566716968916
569425987267
569526321308
569626655351
570930998092
571733670716
573439350467
574041355223
577452716867
578757061636
579058064323
579961072492
580362409508
581867423603
581967757892
582469429367
582770432276
582870766583
583171769516
584576450108
585178456196
585479459267
586583137348
587185143676
587586481268
587987818892
588088153303
591399189988
591599858948
592703538371
593104876403
594409225228
597720266071
598021269892
599024616092
599124950723
601432647788
602134990583
602536329367
602837333476
603238672316
605747040791
606951058103
609459428428
609760432951
611265455836
612469474468
613472823548
613874163236
613974498163
614275502956
614476172828
615379187351
617686891868
619091582092
619191917123
622703644468
623004649783
624309006356
624710346908
624911017196
625914368756
626315709436
627018055703
627921072476
629225430323
630429453251
630730459028
631533141188
631733811748
632837499971
632937835276
633740517788
634141859092
636148566092
636951249116
637553261468
640663659767
641065001623
641366008036
641867685431
3069467815628
3070572038231
3077398146967
3078000451123
3079305443708
3122069233892
3123675392708
642570033868
644978086396
648389496116
648690502967
649894530551
650998222756
651600236788
652302586583
652402922276
653506615031
654008293636
655814337028
656416351636
656918030531
658222395892
658824410788
659426425756
661433142836
663038517076
663841204388
664944899651
665245907492
665446579396
666349603063
666851282948
667051954916
667553634871
668255986892
669058675036
669460019156
669660691228
669861363308
671065395956
671667412388
671868084548
672169092803
672871445468
673774470467
673975142711
675279512492
675680857108
676182537923
676483546436
677286235892
677386572083
678690942748
678891615188
680195986243
681299685092
683206074583
683707756148
686717846588
686818182967
687119192116
687721210468
688925247388
689125920236
690329957492
691333322092
692437023383
693440388403
694845099767
697754860268
698356879892
699360246092
699761592628
700664622451
700764959108
700865295767
702370345892
702972366068
704176406636
704276743363
704778427028
705480784243
707387182892
708591224516
708691561331
709193245436
709594592756
710096276951
711802003588
714009415388
714511100023
714711773891
714812110828
715915817267
716618176036
717621545876
718725252931
719026263988
719327275063
720531319543
720832330708
722437723892
724143454711
725046488908
727253906516
728056604068
728257278476
733976502467
735280887796
735481562492
737287635116
738792696131
739394720663
739495058092
740097082708
741000119767
741100457228
741200794691
741501807092
743508556892
745113957308
746318007956
746518683092
747221046131
747622396483
748625772503
749127460588
752538940892
753040629367
754244681911
754445357363
754746370556
755047383767
757555827892
759161232788
759662921923
759863597591
760164611108
761067651767
761368665356
764579478092
765081167767
765482519543
765883871351
766084547267
766586237092
767388940916
767890630871
769195024988
769496039063
769997729228
770399081396
770800433596
771402461956
771502800023
771603138092
772205166548
772405842716
773609899892
775014633628
777824102276
778024778668
779630190092
780131881267
781636955092
781837631636
782941352771
783242367668
783744059203
784245750788
784446427436
784847780756
785249134108
785851164196
787657254892
789162330967
791068761308
792272822948
793677561892
793878238916
794881624156
795483655396
795684332492
796587379523
797891781076
798794828503
799497198836
799898553356
800600923843
800901939796
802206342467
3214624970996
3247551933892
3256586808892
3286502399516
803811761603
804012439031
804815148823
805015826291
808628022083
809531071436
810434120951
810735137492
812240220467
812942592676
813444287171
813644964983
816053099351
816253777267
816554794156
817257166967
818160217868
818260556867
819263946967
819966320156
820969710596
821070049651
821571744956
821672084023
821973101236
822374457548
822575135716
822876152983
823177170268
823779204892
825986665796
826588700756
826990057436
828194127668
828695823683
830602268996
836522287991
836722966723
836923645463
838930433303
840937221943
841739937623
841940616563
842040956036
842241634988
842743332403
842843671892
843245029868
843947406403
845753517943
846355555267
846455894828
847659969716
848262007268
850068120356
851372535767
853078310276
853479669068
853580008771
853881027892
854583405911
856790880323
856891220092
859199035331
859700734436
859901414092
860503453108
861005152343
861105492196
861807871223
862911609892
864517048388
864918408092
866624187191
870236427191
870738127396
871440507767
871841868023
873748329676
874350370348
875353771628
875454111767
875654792051
875955812492
876056152643
876858873923
878062956083
880270440791
880370781028
880972822492
881073162743
882778947316
3346032945463
3349948132492
883280648771
884785753436
885889497143
886190518196
886290858551
886591879628
886692219991
887394602588
887896304503
887996644892
888498346867
888598687268
891909921623
892010262092
892210943036
893716050371
893816390876
895421839228
895722860851
895923541943
897428650388
897629331548
897729672131
898833418676
899335121731
899636143588
901843637756
902245000436
902445681788
904151473603
904853858636
906057947492
906358969751
907663399748
908767148471
911877714356
912279077836
912479759588
912680441348
913583509367
915690668708
916493396308
917296124036
917496805988
917697487948
918500215868
918700897868
918901579876
919403284931
920507036228
920707718308
922112493092
923316586076
924119314892
924520679348
925323408356
925724772908
925925455196
926126137492
926326819796
926928866756
927029207923
927129549092
927229890263
928534325668
930641491267
930741832508
930842173751
934354118516
934554801148
935056507763
937163676092
937966407116
938267431283
938468114071
938568455468
941378015396
941578698308
944689284467
945592358228
946696115267
948702946867
949606021348
950007387836
951813537428
952214904092
954021054476
956830623028
957031306556
958436091476
958536433271
959138484083
961747371767
3410583725108
964958312311
965560363891
967466861036
969875068988
971179515443
972985672631
973286698892
973387040983
977701752788
977902437148
979307227892
981314072492
982417837363
982919548748
983120233316
986732556908
987234268723
987334611092
987635638211
988137350116
990545567956
992151047156
995362007092
996064404851
996164747396
996967487828
1001081534551
1001884275767
1003690443971
1004693871031
1004794213748
1005295927363
1005396270092
1010012037788
1010212723436
1012821637588
1013423694892
1013524037783
1013724723571
1014025752268
1014627809716
1015530896023
1015831924828
1016534325443
1019845643948
1020447702092
1020648388156
1020748731191
1022554906163
1024260738676
1025163826711
1025765885491
1025866228628
1026769316951
1027471719092
1027672405436
1028274464516
1028374807703
1029378239683
1030080642188
1030783044791
1031284760996
1031987163767
1032087507028
1033090939748
1033592656183
1035499179092
1035599522423
1036402269143
1036602955843
1037305359356
1037907419588
1038409136503
1038509479892
1038710166676
1040114974388
1040717034956
1041319095596
1041720469396
1041820812851
1042623560563
1043125277948
3452547194876
3463590271316
3479954147267
3482263164716
3498125139268
3499530633092
3502642799383
3508967530348
3514187949188
3516998946188
3517099338967
3522420159116
1043827682371
1043928025868
1044530086892
1046135583308
1047640736663
1048242798131
1050249670211
1050651044723
1053059292467
1053460667203
1053561010892
1057073041267
1058578197892
1058979573068
1059380948276
1060986449428
1061287480951
1062290919491
1064598828892
1064699172803
1066806395396
1069415338876
1069917058931
1070218090988
1071321875351
1072024283708
1072425659956
1072626348092
1073429100716
1076238735908
1076640112492
1076740456643
1078345963331
1079449749476
1080453191636
1081757666743
1082259388028
1083563863603
1084667650892
1084968683831
1087276603628
1090788657523
1092996235511
1094200369367
1096909671596
1098013461811
1098515184716
1099117252268
1099217596867
1099418286071
1099920009116
1100522076836
1101525523196
1102127591108
1102528969756
1106141379028
1108047929411
1108148274188
1108449308531
1109653446083
1109753790892
1110054825331
1110155170148
1110556549436
1115373103388
1116175862828
1118082417011
1120189661948
1120791732092
1121193112228
3532760636983
3542097203188
3545912149196
3550731032492
3550931819396
3553040082371
3553140475868
3553742836892
3556654249523
3557758578892
3562979048276
3564986922556
3567998735476
3578138518871
3578841276892
3583760585783
3584864921092
3587776351703
3590085418556
3593900400892
3607855229303
3608859175283
3610967462492
3612272593111
1125808986092
1127213818108
1127615198756
1127815889092
1127916234263
1128618650516
1130324518967
1131127280791
1131428316508
1131829697492
1132130733251
1134137638771
1135743163763
1135943854423
1136445581108
1137248343908
1137750070723
1139656633076
1139957669303
1140058014716
1140559741811
1142666996156
1144774251383
1146881507492
1148888418892
1149089110076
1151597750551
1151798441843
1152099478796
1154507775068
1155109849316
1155511232188
1156414343767
1156815726743
1158722296316
1160227483331
1160528520788
1163338204588
1165646160311
1165846852163
1166649619651
1166749965596
1168556192948
1168756884916
1169459306867
1170462766967
1171767265396
1172068303543
1172369341708
1172570033828
1172670379891
1173874532803
1174677301571
1177888377923
1177988724092
1178992185892
1179192878276
1179694609271
1179895301683
1182905688823
1184009497892
1184812268276
1185414346148
1185815731436
1187621965628
1187822658356
1188424736588
1190230971716
1190532010967
1190732703811
1191936861043
1193241365036
1193642750948
1194947255383
1195649680988
1197054532492
1197154879043
1197255225596
1198459384388
1198660077548
1199964583283
1200064929892
1200466316348
1200968049463
1201971515843
1203175675763
3613577724068
3614581671188
3627331817011
3633857494676
3633957889783
3654639324467
3686765993267
3687468766436
1205282956316
1205684343188
1205784689911
1206286423556
1210099600892
1210601334967
1211002722263
1211905843796
1212206884343
1212307231196
1213310699836
1214213821783
1217123882492
1218328046036
1218729433948
1219732903868
1220134291892
1222141232492
1223245050163
1223646438467
1223947479716
1224248520983
1224348868076
1226456157491
1227058240343
1227961364756
1228563447788
1232677683767
1233580809188
1235487407831
1236892270451
1239902691671
1240304081303
1240404428716
1241708945267
1244518674371
1245020411876
1246625972228
1247729795267
1249034313716
1251241961092
1254252390892
1254352738583
1254553433971
1256861431508
1257363170243
1260473951516
1260975690611
1262882299628
1263082995356
1263584734711
1268501783036
1268702478988
1269204218903
1269705958868
1270107350876
1270809786967
1271110831036
1272917095828
1273719880388
1274221620803
1274623013171
1275325449892
1277432760643
1280041813271
1280543554316
1281245991863
1282550518996
3694195314583
3699114736076
3699315528892
3701223061043
3705740903228
3707548041236
3707949627548
3711162319196
3711764699108
3718792470068
3723009137348
3723511121783
3725418663092
3726121441651
3726623426396
3733350026803
3736964323267
3740277430636
3744795307831
3747104446628
3747807228211
3756943397708
3765778390556
3766179981508
3770195892788
3771501064643
1284557484476
1285661315831
1286965844108
1290478037303
1290879430967
1291080127811
1291381173092
1291682218391
1291782566828
1291983263708
1292284309043
1293588839036
1294291278403
1294893369367
1295595808916
1295796505948
1295896854467
1296498945623
1297101036851
1298004173828
1298305219523
1298706613811
1301416026092
1302218815196
1303021604428
1303724045111
1308039040028
1308139388791
1310046015668
1310547759703
1310848806148
1313056480628
1313457876092
1313758922711
1315364504983
1315765900631
1316267645236
1316970087767
1317170785651
1317873228308
1318174275191
1320381952883
1320482301892
1322188235351
1322288584396
1322790329651
1323693471236
1324496263892
1325399405783
1330015466867
1330717911316
1332122800508
1333025943767
1333527690092
1336638518423
1339448300503
1340050396867
1340853192131
1341756336956
1342759831396
1342960530308
1344365422916
1344465772403
1344566121892
1346372413036
1348479753523
1348580103092
1349583598892
1350185696468
1350587094892
1351791290356
1351991989628
1353396884756
1353798283436
1354400381516
1356307025911
1356708424823
1356808774556
1357410872996
1358715419863
1359718917683
1362227663108
1362428362796
1363030461908
3793789436183
3796098597428
3797102580908
3799411743671
3812764749092
3816881096243
3827322577267
3832844523092
3834852504892
3853325974988
1365338509171
1366743408023
1368148307267
1369051456988
1369854256876
1370556706883
1372664057492
1373165807767
1374169308467
1374269658548
1376878761356
1377681562492
1378885764436
1379487865516
1381595219863
1382197321267
1382799422743
1383000123251
1383301174028
1383802925363
1384505377316
1385007128771
1386412033111
1388017638551
1388318689628
1388920791836
1390526398076
1390727098892
1391128500548
1392433056151
1392533406596
1393235859767
1399658293303
1399758643892
1405277929367
1406381787188
1406783190092
1407887048243
1408188100508
1408890555863
1410295466867
1410596519276
1411399325788
1412101781591
1412603535796
1413807746092
1416617571236
1417119325891
1417520729651
1418825292092
1420029503876
1420430907868
1422237226228
1422738981443
1423240736708
1424244247388
1424846353892
1426050567116
1426150918231
1426953727223
1428057589796
1428760047923
1431870935092
1432071637556
1433877960092
1433978311363
1434480067748
1435684283276
1437892012492
1439798688503
1441404310967
1443009933943
1443612042691
1444414854467
1444515205948
3858747549716
3864871928183
3867783520556
3869791516276
3871799512796
3876417907828
3876719107651
3877622707228
3886759112051
3888465914788
3894188728183
3894690729668
3897903540356
3907140382492
3907240783043
3912762816428
3915674436467
3918887260531
3928023740156
1526503034231
1526904446711
1527105152963
1528510096951
1530416807276
1530818220068
1532223165092
1533025990996
1534430936636
1535233762892
1535835882668
1536739062467
1537040122436
1537441535756
1538144009143
1538545422551
1539348249463
1539448602836
1540753196867
1542258498092
1542358851523
1543061325596
1543563092851
1546172283383
1550587839671
1551089607676
1551691729348
1552293851092
1554702338788
1555605521971
1558114364996
1560522855476
1561426039703
1562730639428
1564135593356
1564436654963
1566243024983
1567949041708
1569052935191
1570257182903
1570558244876
1570859306867
1571060014871
1572163909036
1572364617092
1573568865596
1574572406236
1575676301171
1576479134003
1576980904588
1577984445908
1578787279108
1579590112436
1581597196316
1581998613188
1582199321636
1582299675863
1582901801267
1583002155508
1583202863996
1584206406556
1584507469363
1584607823636
1585812075068
1586012783668
1586113137971
1586213492276
1588923059267
1590729438071
1593037589708
1593238298596
1593338653043
1596248932876
1597252478036
1598456732492
1599359923523
4017983808508
4019489850103
4019590252892
4020293072471
4033144647767
4039972060471
4048707146092
4049108759588
4049409969731
4052020458391
4053124896308
4053426106691
4065574940476
4067984629996
4069289878967
4084651680716
4085153701171
4090173908471
