0000000000000000000000000000000000000000000000000000000000000000000000000000000000000000000000000000
1010010000000000000000000000000000000000000000000000000000000000000000000000000000000000000000000000
0100000001000000000000000000000000000000000000000000000000000000000000000000000000000000000000000000
1100000000000000000000000000000000000100000000000000000000000000000000000000000000000000000000000000
0000000010010000000000000000000000000000000000000000000000000000000000000000000000000000000000000000
1100000000000000000000000000000000000000000000000000000000000000000000000000000000000000000000000000
0100001100000000000000000000000000000000000000000000000000000000000000000000000000000000000000000000
1001000000000000000100000000000000000000000000000000000000000000000000000000000000000000000000000000
1010010000000000000000000000000000000000000000000000000000000000000000000000000000000000000000000000
1001100000000000000000000000000000000000000000000000000000000000000000000000000000000000000000000000
0110000000000000000000000001000000000000000000000000000000000000000000000000000000000000000000000000
1000000010000010000000000000000000000000000000000000000000000000000000000000000000000000000000000000
1100001000010000000000000000000000000000000000000000000000000000000000000000000000000000000000000000
0100000000000000000000000000000000000000000000010000000000000000000000000000000000000000000000000000
0010000000000000000100000000000000000000000000000000000000000000000000000000000000000000000000000000
0000000100000000000000000000000000000000100000000000000000000000000000000000000000000000000000000000
1110000000000000000000000010000000000000000000000000000000000000000000000000000000000000000000000000
0101000000000000000000000000000000100000000000000000000000000000000000000000000000000000000000000000
0100000000100000100000000000000000000000000000000000000000000000000000000000000000000000000000000000
1000000000000000000000000000000000000000000000000000000000000000000000000000000000000000000001000000
0001100001000000000000000000000000000000000000000000000000000000000000000000000000000000000000000000
1100000000000000000000000000000000000000010000000000000000000000000000000000000000000000000000000000
0100010000000000000000000010000000000000000000000000000000000000000000000000000000000000000000000000
1010000000000000000000000000000000000000000000000000000000000000000000000000000000000000001000000000
0010100000000100000000000000000000000000000000000000000000000000000000000000000000000000000000000000
1100000000101000000000000000000000000000000000000000000000000000000000000000000000000000000000000000
1000001000000000000000000000000000000000000010000000000000000000000000000000000000000000000000000000
0000010000000010000000000000000000000000000000000000000000000000000000000000000000000000000000000000
1101000000000000000000000000000100000000000000000000000000000000000000000000000000000000000000000000
0110000000000000000000000000000000000000000000000000000000000000000000000000000000000010000000000000
1011000000000000000000000000000000000000000000000000000000000000000000000000000000000000000000000000
1000000110000000000000000000000000000000000000000000000000000000000000000000000000000000000000000000
0100001000000000000000000000000000000000100000000000000000000000000000000000000000000000000000000000
1000000001000000000000000000000000000000010000000000000000000000000000000000000000000000000000000000
0100000000000100001000000000000000000000000000000000000000000000000000000000000000000000000000000000
1100100000000000000000000000010000000000000000000000000000000000000000000000000000000000000000000000
0000000000000000010000000000000000001000000000000000000000000000000000000000000000000000000000000000
1110000000000000000000000000000000000000000000000000000000100000000000000000000000000000000000000000
0010000010000000000000000000000000000000000000000000000000000000000000000000000000000000000000000000
1100100000000000000000000000000001000000000000000000000000000000000000000000000000000000000000000000
1100010000000000000000000001000000000000000000000000000000000000000000000000000000000000000000000000
0101000000000000000000000000000000000000000000000000000000000000000000000000000000000100000000000000
1000000100010000000000000000000000000000000000000000000000000000000000000000000000000000000000000000
1010010000001000000000000000000000000000000000000000000000000000000000000000000000000000000000000000
0100001000000000000000000000000000000000000000000000001000000000000000000000000000000000000000000000
1000000000000000000001100000000000000000000000000000000000000000000000000000000000000000000000000000
0000100000000000000000000000010000000000000000000000000000000000000000000000000000000000000000000000
1111000001000000000000000000000000000000000000000000000000000000000000000000000000000000000000000000
0000000000010000000000000000000000000000000000000000000000000000000000000000000000000000010000000000
1001001000100000000000000000000000000000000000000000000000000000000000000000000000000000000000000000
0100100000000000000000000000000000000000000000000000000000000000000000000000000001000000000000000000
0100000000000000001001000000000000000000000000000000000000000000000000000000000000000000000000000000
0000010100100000000000000000000000000000000000000000000000000000000000000000000000000000000000000000
1110000000000000000000000000000000000000000000000000000000000000000000000000000000000000000010000000
0000000010000000000000010000000000000000000000000000000000000000000000000000000000000000000000000000
0001000000000000000000000000000000000000000000001000000000000000000000000000000000000000000000000000
0000000000000001000000000000000000000000000000000000000000000000000010000000000000000000000000000000
1100000000000000000000000000000000000000000000000000000000000000000000000000000000000000000000000000
0101010001000000000000000000000000000000000000000000000000000000000000000000000000000000000000000000
1010100000000000000010000000000000000000000000000000000000000000000000000000000000000000000000000000
1100001010000000000000000000000000000000000000000000000000000000000000000000000000000000000000000000
0100000000000001000000000000100000000000000000000000000000000000000000000000000000000000000000000000
0100000100000000000000000000000000000000000000000000000000000000100000000000000000000000000000000000
0000000000001000000000000000000000000000000000000000000000000000000000000000000000000000000000000000
1000000000000000000010000000000000000000000000000000000000000000000000000000000000000000000000000000
0100001000000010000000000000000000000000000000000000000000000000000000000000000000000000000000000000
1100000000000000010000000000000000000000000000000000000000000000000000000000000000000000000000000000
1101000000000000000000000000000000000000000000000000000000000000000000000000000001000000000000000000
0100000000000000000000101000000000000000000000000000000000000000000000000000000000000000000000000000
1000010000000000000000010000000000000000000000000000000000000000000000000000000000000000000000000000
1010000000000000000000000000000000000000000000000010000000000000000000000000000000000000000000000000
0110000001010000000000000000000000000000000000000000000000000000000000000000000000000000000000000000
1100000000000100000000001000000000000000000000000000000000000000000000000000000000000000000000000000
1100010000000000000000000000000000000000000000000000000001000000000000000000000000000000000000000000
0101100000000000000000000000000000000000000000000000000000000000000000000000000000000000000000000000
1100000100000000000000000000000000000000000010000000000000000000000000000000000000000000000000000000
0010001000000000000000000000000000000000000000000000000000000000000000000000000000000000000000000000
0100000000100000000000000000000000000000000000000000000000000000010000000000000000000000000000000000
1010000010000000100000000000000000000000000000000000000000000000000000000000000000000000000000000000
1000000000010010000000000000000000000000000000000000000000000000000000000000000000000000000000000000
1000000000000000000000000000000000000000000000000000000000000000001000000000000000000000000000000000
0100000000000000000100000000000100000000000000000000000000000000000000000000000000000000000000000000
1000000000000100000000000000000000000000000000000000000000001000000000000000000000000000000000000000
0100000000001000000000000000000000000000000000000000010000000000000000000000000000000000000000000000
1110001000100000000000000000000000000000000000000000000000000000000000000000000000000000000000000000
1101100001000000000000000000000000000000000000000000000000000000000000000000000000000000000000000000
0000010000000000000000000000000000000000000000001000000000000000000000000000000000000000000000000000
0000000000000000000000000000000000000011000000000000000000000000000000000000000000000000000000000000
1100100000000000000000000000000000000000000000000000000000000000000000000000000000000100000000000000
1000000000000000000100000000000000000000000000000010000000000000000000000000000000000000000000000000
1010000000000000000000000000000000000000000000000000000000000010000000000000000000000000000000000000
1100001000000000000000000000000000000000000000000000000000000000000001000000000000000000000000000000
0101000000000000000000000000000001000000000000000000000000000000000000000000000000000000000000000000
1100000000000000010000000100000000000000000000000000000000000000000000000000000000000000000000000000
0010100000000000000000000000000000000000000000000000000100000000000000000000000000000000000000000000
0000101000000000000000000100000000000000000000000000000000000000000000000000000000000000000000000000
1111000000000000001000000000000000000000000000000000000000000000000000000000000000000000000000000000
1001000000011000000000000000000000000000000000000000000000000000000000000000000000000000000000000000
1100010000000000000000000000000000000000000000000000000000000000000000000000000000000010000000000000
1110000010100000000000000000000000000000000000000000000000000000000000000000000000000000000000000000
1000100000000000000000000000000000000000000100000000000000000000000000000000000000000000000000000000
0101000000110000000000000000000000000000000000000000000000000000000000000000000000000000000000000000
1100000000000001000000000000001000000000000000000000000000000000000000000000000000000000000000000000
0010100000000000000000000000000000000000000000000000000000000000000000000000000000000000000000000000
0011010010000000000000000000000000000000000000000000000000000000000000000000000000000000000000000000
1100000000100000000000000000000000000000000000000000000000000000000000000000000000000000000000000000
0100100100000000000000000000000000000000000000000000000000000000000000000000000000000000000000000000
1100000000100000000000000000000000000000000000000000000000000000000000000000000000000000000000000000
1100010011000000000000000000000000000000000000000000000000000000000000000000000000000000000000000000
0000011001000000000000000000000000000000000000000000000000000000000000000000000000000000000000000000
