2 1 1
7 2 5
13 9 4
23 8 15
31 9 22
37 7 30
41 17 24
47 2 45
61 12 49
73 56 17
83 9 74
89 33 56
101 48 53
103 92 11
107 105 2
131 59 72
139 125 14
149 16 133
151 16 135
157 16 141
163 119 44
181 14 167
191 40 151
193 149 44
197 82 115
199 36 163
211 64 147
223 25 198
227 9 218
233 26 207
239 218 21
257 186 71
271 160 111
277 214 63
281 33 248
307 19 288
311 28 283
313 227 86
337 190 147
347 127 220
353 149 204
359 150 209
373 83 290
379 126 253
383 9 374
389 33 356
397 167 230
433 335 98
443 133 310
449 435 14
461 187 274
463 17 446
467 441 26
487 182 305
499 293 206
523 518 5
547 206 341
557 423 134
563 3 560
569 421 148
577 559 18
587 188 399
601 269 332
607 361 246
613 437 176
617 437 180
619 351 268
631 247 384
641 360 281
643 177 466
653 173 480
659 245 414
677 215 462
701 341 360
727 319 408
733 355 378
757 333 424
761 515 246
769 70 699
773 440 333
797 408 389
823 796 27
829 648 181
863 103 760
877 717 160
907 564 343
929 581 348
941 846 95
967 275 692
1021 136 885
1031 557 474
1039 346 693
1049 1013 36
1051 441 610
1069 278 791
1087 1013 74
1109 966 143
1117 142 975
1171 948 223
1193 1092 101
1213 1129 84
1217 78 1139
1229 541 688
1259 668 591
1289 302 987
1291 185 1106
1319 840 479
1321 522 799
1327 232 1095
1361 168 1193
1367 1161 206
1373 1250 123
1381 1229 152
1409 329 1080
1429 587 842
1433 525 908
1451 350 1101
1481 608 873
1483 775 708
1499 146 1353
1511 119 1392
1523 896 627
1579 317 1262
1601 431 1170
1637 1172 465
1709 1035 674
1733 883 850
1759 923 836
1777 1423 354
1787 757 1030
1789 215 1574
1831 127 1704
1867 1431 436
1877 408 1469
1879 1271 608
1889 1419 470
1913 120 1793
1931 276 1655
1933 581 1352
1973 89 1884
1979 1371 608
1993 10 1983
2003 220 1783
2029 558 1471
2053 1758 295
2063 946 1117
2069 1545 524
2083 225 1858
2087 153 1934
2089 56 2033
2099 104 1995
2113 493 1620
2129 1851 278
2131 487 1644
2137 960 1177
2141 1621 520
2153 107 2046
2161 227 1934
2179 1433 746
2203 49 2154
2213 742 1471
2221 1612 609
2243 1046 1197
2251 51 2200
2267 1986 281
2269 7 2262
2287 2054 233
2293 568 1725
2309 1547 762
2333 209 2124
2351 108 2243
2357 1941 416
2377 2368 9
2381 368 2013
2383 2230 153
2389 1685 704
2399 1497 902
2417 2185 232
2423 784 1639
2441 1778 663
2467 1852 615
2503 2115 388
2539 1503 1036
2543 3 2540
2591 2398 193
2617 423 2194
2621 709 1912
2633 2391 242
2657 2283 374
2677 639 2038
2689 1862 827
2693 995 1698
2699 813 1886
2707 87 2620
2713 467 2246
2719 1015 1704
2729 2412 317
2731 1524 1207
2741 2213 528
2767 2730 37
2777 2620 157
2791 450 2341
2797 919 1878
2803 2195 608
2833 1599 1234
2837 2415 422
2861 198 2663
2879 658 2221
2897 262 2635
2909 641 2268
2957 1474 1483
2971 1818 1153
3001 1162 1839
3023 368 2655
3037 1758 1279
3061 2105 956
3079 315 2764
3109 1230 1879
3119 2029 1090
3163 1532 1631
3167 2322 845
3187 1373 1814
3191 500 2691
3221 383 2838
3229 3039 190
3257 1696 1561
3299 2596 703
3307 2182 1125
3319 1769 1550
3323 1832 1491
3329 986 2343
3331 2044 1287
3343 1648 1695
3359 2320 1039
3361 620 2741
3373 331 3042
3389 1278 2111
3391 3318 73
3407 547 2860
3433 3320 113
3449 1137 2312
3457 516 2941
3467 2540 927
3469 1058 2411
3499 1737 1762
3511 673 2838
3527 1939 1588
3539 1317 2222
3541 734 2807
3557 3352 205
3571 29 3542
3583 3466 117
3617 3092 525
3631 2132 1499
3659 2889 770
3671 137 3534
3691 159 3532
3697 2242 1455
3701 201 3500
3719 1251 2468
3739 3699 40
3761 1622 2139
3769 2491 1278
3803 1135 2668
3823 225 3598
3833 3199 634
3847 2719 1128
3851 2837 1014
3853 2556 1297
3881 754 3127
3907 1392 2515
3911 3880 31
3919 3001 918
3923 1235 2688
3929 2189 1740
3947 3846 101
3967 2304 1663
3989 1723 2266
4001 2160 1841
4019 603 3416
4021 172 3849
4049 1604 2445
4051 1414 2637
4073 1037 3036
4093 1310 2783
4099 3788 311
4111 2490 1621
4127 2109 2018
4133 1331 2802
4139 381 3758
4153 2375 1778
4157 3400 757
4159 862 3297
4177 3557 620
4229 1991 2238
4231 646 3585
4241 1996 2245
4253 3884 369
4271 3401 870
4273 2839 1434
4289 2138 2151
4327 3563 764
4337 1583 2754
4357 1249 3108
4397 567 3830
4409 896 3513
4423 2003 2420
4441 3277 1164
4451 3071 1380
4457 646 3811
4481 1516 2965
4483 4125 358
4493 1709 2784
4507 1015 3492
4549 686 3863
4561 187 4374
4583 3638 945
4621 1036 3585
4637 1601 3036
4643 3573 1070
4651 3085 1566
4663 2292 2371
4673 1175 3498
4691 1642 3049
4703 2055 2648
4721 2749 1972
4723 1589 3134
4751 1029 3722
4759 3666 1093
4783 1459 3324
4787 4630 157
4793 3172 1621
4799 3472 1327
4801 250 4551
4861 447 4414
4871 3498 1373
4909 290 4619
4919 4231 688
4933 4185 748
4943 2888 2055
4957 4345 612
4967 2086 2881
4973 2612 2361
4987 4059 928
4999 1753 3246
5009 4305 704
5011 922 4089
5039 213 4826
5081 5023 58
5099 2211 2888
5101 236 4865
5107 3689 1418
5119 660 4459
5179 1501 3678
5189 2529 2660
5197 4449 748
5227 1584 3643
5233 2368 2865
5261 1547 3714
5273 1931 3342
5279 3321 1958
5281 1905 3376
5297 2446 2851
5303 2767 2536
5309 4700 609
5323 3198 2125
5333 1493 3840
5347 114 5233
5381 2088 3293
5399 2638 2761
5407 1804 3603
5417 4347 1070
5419 932 4487
5431 4669 762
5441 1687 3754
5443 429 5014
5477 2389 3088
5479 2224 3255
5501 204 5297
5519 1443 4076
5521 1218 4303
5531 587 4944
5569 2962 2607
5581 2551 3030
5641 4395 1246
5647 2750 2897
5651 5307 344
5657 2428 3229
5659 2386 3273
5741 4329 1412
5743 340 5403
5783 1023 4760
5791 4152 1639
5843 7 5836
5861 2093 3768
5867 1401 4466
5869 2387 3482
5879 1238 4641
5881 1342 4539
5939 3952 1987
5953 1705 4248
5981 5826 155
6011 2404 3607
6029 5695 334
6037 203 5834
6043 49 5994
6053 3967 2086
6073 5144 929
6079 1458 4621
6101 5206 895
6113 1654 4459
6121 983 5138
6131 1438 4693
6133 5310 823
6143 3104 3039
6151 4737 1414
6173 3120 3053
6197 3345 2852
6217 2862 3355
6221 3194 3027
6229 4814 1415
6247 4815 1432
6277 5713 564
6287 5992 295
6301 4281 2020
6317 3929 2388
6337 13 6324
6343 277 6066
6353 5869 484
6359 974 5385
6379 5497 882
6397 4470 1927
6421 1507 4914
6449 5945 504
6469 3114 3355
6473 3895 2578
6481 4538 1943
6491 588 5903
6529 2461 4068
6547 6427 120
6553 1793 4760
6563 1323 5240
6569 5615 954
6607 5905 702
6637 511 6126
6653 3480 3173
6661 2463 4198
6673 1379 5294
6679 3988 2691
6689 2257 4432
6691 324 6367
6701 1454 5247
6709 2173 4536
6733 1646 5087
6737 2396 4341
6763 821 5942
6791 4792 1999
6793 1788 5005
6823 2806 4017
6827 2136 4691
6829 698 6131
6833 5326 1507
6869 447 6422
6883 164 6719
6899 4693 2206
6907 6658 249
6947 353 6594
6949 3581 3368
6959 541 6418
6971 700 6271
6977 317 6660
6983 326 6657
6997 5798 1199
7013 848 6165
7019 895 6124
7043 3665 3378
7109 4889 2220
7121 6993 128
7129 419 6710
7151 915 6236
7159 5305 1854
7177 5183 1994
7187 1524 5663
7207 3786 3421
7211 5106 2105
7213 3007 4206
7237 3951 3286
7243 4081 3162
7253 4982 2271
7283 5824 1459
7297 1344 5953
7307 3276 4031
7309 6579 730
7321 6690 631
7331 3104 4227
7369 41 7328
7411 6829 582
7451 6489 962
7459 5236 2223
7481 2933 4548
7489 53 7436
7507 1402 6105
7517 5418 2099
7541 3969 3572
7547 1319 6228
7549 1268 6281
7561 3286 4275
7573 7224 349
7577 1589 5988
7589 2689 4900
7591 6460 1131
7607 455 7152
7639 4181 3458
7673 568 7105
7717 1883 5834
7727 6624 1103
7757 2582 5175
7759 5887 1872
7789 6309 1480
7793 7676 117
7829 4585 3244
7853 6725 1128
7873 4923 2950
7879 6551 1328
7901 1330 6571
7907 5143 2764
7919 3336 4583
7927 6244 1683
7933 128 7805
7937 600 7337
7951 2402 5549
7993 5357 2636
8011 2760 5251
8039 5507 2532
8053 6112 1941
8059 4352 3707
8069 1065 7004
8081 944 7137
8089 3793 4296
8117 2649 5468
8123 5576 2547
8147 5762 2385
8167 2974 5193
8191 3952 4239
8209 4135 4074
8219 1571 6648
8233 1728 6505
8237 3458 4779
8291 6405 1886
8297 3161 5136
8363 279 8084
8377 4124 4253
8389 7811 578
8431 3398 5033
8447 7552 895
8501 7116 1385
8513 805 7708
8527 5755 2772
8537 6954 1583
8539 3114 5425
8563 8432 131
8573 7298 1275
8581 4266 4315
8597 7164 1433
8623 2939 5684
8629 6826 1803
8641 1895 6746
8669 949 7720
8677 1597 7080
8681 1565 7116
8699 4949 3750
8707 3874 4833
8737 8111 626
8747 2301 6446
8761 7227 1534
8783 8586 197
8821 438 8383
8831 2994 5837
8861 4448 4413
8863 315 8548
8923 5108 3815
8929 922 8007
8933 243 8690
8941 4476 4465
8951 4266 4685
8963 3009 5954
8969 2131 6838
8999 8265 734
9007 3460 5547
9011 8863 148
9013 3143 5870
9043 2520 6523
9067 297 8770
9091 4834 4257
9103 5091 4012
9127 3575 5552
9157 365 8792
9161 3452 5709
9173 9008 165
9203 8491 712
9209 5078 4131
9239 8529 710
9277 3339 5938
9283 7772 1511
9293 4164 5129
9323 3203 6120
9337 6145 3192
9343 2311 7032
9371 7912 1459
9377 1473 7904
9391 2545 6846
9397 9303 94
9413 2781 6632
9419 8159 1260
9421 5404 4017
9431 4512 4919
9461 9389 72
9463 5611 3852
9473 5258 4215
9491 1302 8189
9511 8208 1303
9521 7440 2081
9533 6069 3464
9587 6692 2895
9601 6904 2697
9619 3999 5620
9631 3648 5983
9643 3631 6012
9649 5418 4231
9661 8871 790
9677 9098 579
9679 6002 3677
9689 7781 1908
9697 2872 6825
9739 3549 6190
9749 1846 7903
9769 4038 5731
9781 7001 2780
9791 5153 4638
9803 6026 3777
9811 9116 695
9817 2032 7785
9857 5908 3949
9859 721 9138
9871 9135 736
9887 3561 6326
9901 5952 3949
9923 4343 5580
9929 9247 682
9931 8258 1673
9941 5504 4437
10007 7969 2038
10039 5135 4904
10061 6997 3064
10079 4886 5193
10099 6010 4089
10111 5296 4815
10139 35 10104
10159 1020 9139
10163 1407 8756
10169 7971 2198
10177 1446 8731
10181 1364 8817
10193 2126 8067
10223 4454 5769
10243 6759 3484
10247 1156 9091
10267 175 10092
10271 4166 6105
10289 379 9910
10301 318 9983
10313 7681 2632
10331 5781 4550
10357 6641 3716
10369 297 10072
10427 3863 6564
10453 10434 19
10463 10143 320
10477 8470 2007
10499 4844 5655
10501 5860 4641
10513 2329 8184
10531 7927 2604
10559 3825 6734
10597 2791 7806
10627 1671 8956
10631 6531 4100
10657 7804 2853
10663 9310 1353
10667 1174 9493
10691 3075 7616
10709 7895 2814
10729 1929 8800
10781 4813 5968
10789 4587 6202
10799 402 10397
10831 3208 7623
10847 2755 8092
10859 9032 1827
10861 9099 1762
10903 2665 8238
10909 7289 3620
10937 6674 4263
10939 9852 1087
10949 7576 3373
10957 2419 8538
10973 7713 3260
10979 654 10325
10993 4764 6229
11117 3627 7490
11149 1020 10129
11159 7204 3955
11161 2819 8342
11197 4379 6818
11239 2995 8244
11257 4365 6892
11279 9182 2097
11311 6900 4411
11317 9128 2189
11329 4548 6781
11353 4965 6388
11399 5909 5490
11423 7184 4239
11437 8729 2708
11443 5787 5656
11471 2342 9129
11483 6206 5277
11519 10382 1137
11527 8428 3099
11549 10671 878
11551 9993 1558
11579 5860 5719
11593 2557 9036
11597 4801 6796
11681 5072 6609
11689 4745 6944
11699 8635 3064
11719 9385 2334
11731 908 10823
11783 7068 4715
11801 9728 2073
11821 10113 1708
11839 6844 4995
11867 3481 8386
11887 6414 5473
11903 6693 5210
11909 9780 2129
11923 6366 5557
11933 5198 6735
11939 5325 6614
11971 5919 6052
11987 1920 10067
12007 11558 449
12049 8189 3860
12107 7039 5068
12109 1143 10966
12203 6440 5763
12211 9896 2315
12227 8169 4058
12239 9737 2502
12241 3701 8540
12251 7946 4305
12253 6761 5492
12277 11853 424
12281 10050 2231
12329 8712 3617
12343 11394 949
12373 11304 1069
12377 1387 10990
12391 7200 5191
12401 8039 4362
12421 9236 3185
12433 9684 2749
12473 9780 2693
12479 7609 4870
12487 7990 4497
12491 5458 7033
12503 7017 5486
12517 1173 11344
12527 4726 7801
12547 6407 6140
12553 7749 4804
12569 5674 6895
12577 2676 9901
12613 4674 7939
12619 9808 2811
12641 6719 5922
12647 10584 2063
12671 4056 8615
12689 4484 8205
12713 2125 10588
12721 4853 7868
12739 11199 1540
12743 9073 3670
12791 5547 7244
12799 11517 1282
12809 3649 9160
12821 3449 9372
12823 7142 5681
12853 3789 9064
12889 2153 10736
12907 8483 4424
12919 12538 381
12941 3770 9171
12967 11723 1244
12973 1345 11628
13003 7615 5388
13007 10902 2105
13009 4440 8569
13033 10147 2886
13049 6022 7027
13099 7270 5829
13121 8985 4136
13127 3411 9716
13159 7632 5527
13171 506 12665
13177 2854 10323
13229 7372 5857
13259 6276 6983
13291 2500 10791
13297 12035 1262
13331 12737 594
13367 5083 8284
13381 3999 9382
13451 8994 4457
13457 11373 2084
13463 727 12736
13523 3418 10105
13567 10786 2781
13591 8654 4937
13613 11922 1691
13619 12701 918
13627 2948 10679
13669 9037 4632
13679 4197 9482
13687 10347 3340
13693 4534 9159
13697 10605 3092
13709 9382 4327
13711 3545 10166
13751 5590 8161
13757 12553 1204
13763 5862 7901
13781 5173 8608
13789 1400 12389
13799 4936 8863
13831 8665 5166
13859 8465 5394
13873 9219 4654
13877 3156 10721
13883 13301 582
13901 2531 11370
13903 9149 4754
13921 13328 593
13931 8500 5431
13963 7192 6771
13967 9700 4267
13997 5004 8993
13999 10624 3375
14033 4101 9932
14081 10219 3862
14083 6588 7495
14107 9596 4511
14153 9355 4798
14173 9472 4701
14197 10459 3738
14207 770 13437
14243 11678 2565
14251 5212 9039
14327 7909 6418
14341 14052 289
14387 6433 7954
14389 6481 7908
14411 9994 4417
14423 11963 2460
14437 1240 13197
14449 8351 6098
14461 9350 5111
14479 3367 11112
14489 5953 8536
14519 2698 11821
14537 11367 3170
14543 4613 9930
14549 6254 8295
14551 1369 13182
14557 8436 6121
14627 8673 5954
14629 9230 5399
14639 9302 5337
14653 12856 1797
14657 14203 454
14683 3994 10689
14717 14699 18
14731 1536 13195
14747 14134 613
14759 11007 3752
14767 907 13860
14779 12777 2002
14797 1586 13211
14827 4276 10551
14843 7883 6960
14851 7016 7835
14867 6321 8546
14869 7977 6892
14879 3235 11644
14887 3955 10932
14897 4612 10285
14929 1446 13483
14983 1933 13050
15017 12892 2125
15031 14194 837
15053 3762 11291
15073 2869 12204
15091 1370 13721
15121 7278 7843
15131 14945 186
15139 11339 3800
15161 11589 3572
15173 14375 798
15187 12886 2301
15199 5717 9482
15217 7021 8196
15233 1522 13711
15259 12632 2627
15271 2545 12726
15287 2178 13109
15313 3003 12310
15329 3773 11556
15331 8997 6334
15359 7093 8266
15383 5080 10303
15401 2114 13287
15413 9793 5620
15427 13264 2163
15443 4844 10599
15451 4186 11265
15461 2809 12652
15467 10434 5033
15493 489 15004
15511 14515 996
15541 10090 5451
15551 13030 2521
15569 7257 8312
15601 5672 9929
15643 9893 5750
15647 5448 10199
15649 914 14735
15671 12721 2950
15679 1902 13777
15727 1599 14128
15737 11638 4099
15749 8468 7281
15761 10991 4770
15809 5581 10228
15817 10293 5524
15823 6728 9095
15859 11731 4128
15881 2440 13441
15901 14558 1343
15937 8126 7811
15959 791 15168
15971 11062 4909
16007 3174 12833
16033 14221 1812
16057 3580 12477
16067 11575 4492
16087 10738 5349
16127 12096 4031
16139 5183 10956
16141 4357 11784
16183 5057 11126
16187 5195 10992
16189 1978 14211
16223 8240 7983
16231 2589 13642
16249 1477 14772
16273 2730 13543
16339 11937 4402
16349 10751 5598
16363 4838 11525
16421 13691 2730
16427 14303 2124
16447 11204 5243
16451 12231 4220
16453 4427 12026
16481 49 16432
16487 14393 2094
16493 6984 9509
16553 8125 8428
16561 8565 7996
16567 5147 11420
16573 5953 10620
16619 2158 14461
16633 545 16088
16651 15561 1090
16693 14342 2351
16699 15871 828
16703 3738 12965
16759 706 16053
16811 5251 11560
16823 11056 5767
16829 13435 3394
16889 15702 1187
16901 2443 14458
16921 5912 11009
16931 10866 6065
16937 7391 9546
16943 13342 3601
16979 2613 14366
16981 3736 13245
16987 11547 5440
16993 13123 3870
17011 8637 8374
17027 6305 10722
17033 12094 4939
17047 5668 11379
17053 15134 1919
17107 1755 15352
17183 13103 4080
17191 2046 15145
17203 4397 12806
17207 13007 4200
17209 7876 9333
17231 11394 5837
17239 1733 15506
17257 1175 16082
17299 1498 15801
17317 16196 1121
17321 12856 4465
17351 6298 11053
17359 140 17219
17389 5123 12266
17393 10947 6446
17401 6171 11230
17417 1579 15838
17431 11378 6053
17443 9004 8439
17467 9001 8466
17471 10359 7112
17477 5769 11708
17489 16898 591
17491 3787 13704
17509 16131 1378
17551 8862 8689
17569 8099 9470
17579 11836 5743
17597 16203 1394
17599 10787 6812
17609 6393 11216
17623 2406 15217
17659 4324 13335
17669 1489 16180
17681 8994 8687
17713 15797 1916
17729 39 17690
17737 13637 4100
17761 12292 5469
17791 10615 7176
17807 9561 8246
17839 2861 14978
17851 3632 14219
17881 203 17678
17903 14327 3576
17909 16944 965
17911 2047 15864
17957 11956 6001
17959 1185 16774
17971 12343 5628
17981 2690 15291
17987 3476 14511
18041 14527 3514
18043 2662 15381
18049 12676 5373
18059 5819 12240
18061 5550 12511
18089 13018 5071
18127 14006 4121
18131 11549 6582
18133 5821 12312
18143 11725 6418
18181 15575 2606
18199 5233 12966
18217 7255 10962
18233 2049 16184
18251 13583 4668
18253 10034 8219
18257 9949 8308
18269 15092 3177
18307 15483 2824
18313 5517 12796
18367 12964 5403
18371 14845 3526
18401 14698 3703
18427 3773 14654
18439 16700 1739
18451 9630 8821
18457 8453 10004
18493 14888 3605
18503 6248 12255
18517 588 17929
18523 15850 2673
18541 7243 11298
18553 13282 5271
18583 11697 6886
18593 17439 1154
18637 13913 4724
18671 10611 8060
18679 12679 6000
18719 5788 12931
18743 267 18476
18787 11017 7770
18797 14144 4653
18803 9446 9357
18869 2643 16226
18899 8682 10217
18913 15999 2914
18917 3183 15734
18959 6874 12085
18973 2680 16293
19009 15906 3103
19037 3090 15947
19069 7663 11406
19121 6482 12639
19139 15625 3514
19141 11414 7727
19181 3325 15856
19211 12915 6296
19219 4389 14830
19259 4729 14530
19267 10107 9160
19273 16501 2772
19301 12136 7165
19373 7055 12318
19387 5539 13848
19403 19168 235
19417 8015 11402
19447 12172 7275
19457 18482 975
19463 3524 15939
19471 3682 15789
19483 16991 2492
19489 14817 4672
19507 2864 16643
19541 8487 11054
19543 10016 9527
19559 12160 7399
19571 16250 3321
19597 97 19500
19603 6626 12977
19609 7027 12582
19681 3257 16424
19697 12953 6744
19739 3576 16163
19777 826 18951
19793 4892 14901
19813 7197 12616
19819 6580 13239
19843 4201 15642
19853 15186 4667
19861 15896 3965
19867 3175 16692
19919 325 19594
19961 13491 6470
19963 10779 9184
19973 13993 5980
19997 6565 13432
20011 13904 6107
20023 4494 15529
20029 1739 18290
20063 18525 1538
20071 10850 9221
20101 4347 15754
20117 4339 15778
20129 5000 15129
20147 12000 8147
20161 865 19296
20173 4338 15835
20177 7158 13019
20183 5820 14363
20201 15636 4565
20249 12776 7473
20261 13221 7040
20269 14927 5342
20287 16547 3740
20323 6676 13647
20333 10174 10159
20353 10352 10001
20399 1431 18968
20407 20283 124
20431 16971 3460
20441 15713 4728
20477 14279 6198
20479 14127 6352
20507 11701 8806
20521 2732 17789
20533 3923 16610
20543 12211 8332
20551 7926 12625
20563 9342 11221
20593 16086 4507
20611 13415 7196
20639 14781 5858
20681 17493 3188
20693 16207 4486
20743 7433 13310
20753 15327 5426
20773 3291 17482
20807 4091 16716
20857 14713 6144
20873 8674 12199
20897 1179 19718
20899 19576 1323
20929 606 20323
20939 3461 17478
20983 18875 2108
21001 19129 1872
21019 3488 17531
21023 11422 9601
21067 17023 4044
21107 20363 744
21163 2854 18309
21169 15039 6130
21187 10350 10837
21211 1276 19935
21221 19064 2157
21269 8679 12590
21277 13825 7452
21283 20006 1277
21313 21105 208
21323 18210 3113
21379 18498 2881
21383 15497 5886
21391 10525 10866
21401 18148 3253
21407 6052 15355
21419 17857 3562
21433 8071 13362
21467 19838 1629
21481 9916 11565
21487 17181 4306
21499 20736 763
21521 17273 4248
21529 9636 11893
21557 20335 1222
21569 15659 5910
21587 11611 9976
21589 21486 103
21599 6516 15083
21601 12888 8713
21611 5528 16083
21613 7594 14019
21649 9097 12552
21673 5078 16595
21683 19163 2520
21713 11438 10275
21751 14404 7347
21757 17472 4285
21767 4073 17694
21799 14699 7100
21803 641 21162
21817 3080 18737
21841 5744 16097
21859 17244 4615
21863 21630 233
21871 18219 3652
21881 18474 3407
21911 11122 10789
21937 14577 7360
21943 3819 18124
21977 11298 10679
22013 13041 8972
22027 9977 12050
22037 21681 356
22063 19820 2243
22067 17567 4500
22091 9503 12588
22109 18074 4035
22123 12231 9892
22129 2292 19837
22147 19760 2387
22153 14329 7824
22159 14909 7250
22259 20950 1309
22277 19934 2343
22279 5830 16449
22283 12289 9994
22291 17424 4867
22303 19208 3095
22367 4330 18037
22381 7128 15253
22397 718 21679
22409 5421 16988
22433 15740 6693
22441 20618 1823
22453 10851 11602
22469 6477 15992
22483 11942 10541
22501 3231 19270
22511 6985 15526
22543 9094 13449
22567 6429 16138
22573 19116 3457
22621 12855 9766
22637 11985 10652
22643 2087 20556
22651 1067 21584
22669 8211 14458
22679 19200 3479
22691 21702 989
22699 19918 2781
22709 2360 20349
22721 18612 4109
22739 16254 6485
22741 5367 17374
22783 6338 16445
22811 7203 15608
22853 13829 9024
22859 10506 12353
22901 20551 2350
22907 13202 9705
22921 11685 11236
22943 5062 17881
22963 5946 17017
22973 2808 20165
22993 105 22888
23003 6268 16735
23021 19149 3872
23053 6553 16500
23057 375 22682
23059 16853 6206
23063 6299 16764
23081 12580 10501
23087 20442 2645
23099 17675 5424
23117 15902 7215
23143 8367 14776
23159 20762 2397
23173 17651 5522
23197 4992 18205
23203 20695 2508
23209 19421 3788
23227 20014 3213
23279 1868 21411
23291 5180 18111
23293 21529 1764
23297 15666 7631
23311 20611 2700
23321 8806 14515
23339 18499 4840
23369 6374 16995
23371 18464 4907
23431 22999 432
23459 12431 11028
23497 22439 1058
23509 13013 10496
23531 16625 6906
23557 5052 18505
23561 10775 12786
23563 14569 8994
23599 3008 20591
23603 19410 4193
23609 11317 12292
23633 19981 3652
23677 9075 14602
23687 2914 20773
23689 22095 1594
23719 8182 15537
23741 5972 17769
23743 12601 11142
23747 6400 17347
23761 18993 4768
23767 378 23389
23773 19172 4601
23801 5461 18340
23813 969 22844
23831 8627 15204
23833 15990 7843
23869 3192 20677
23893 5047 18846
23917 7111 16806
23929 21776 2153
23993 1717 22276
24007 14455 9552
24071 17266 6805
24077 17219 6858
24083 19364 4719
24107 23982 125
24109 9654 14455
24151 17415 6736
24179 19879 4300
24251 1851 22400
24281 12024 12257
24337 3634 20703
24371 21280 3091
24379 13987 10392
24413 628 23785
24421 16635 7786
24439 22069 2370
24481 1216 23265
24509 11791 12718
24517 23208 1309
24533 402 24131
24671 16081 8590
24697 15796 8901
24709 21169 3540
24733 9381 15352
24767 23414 1353
24781 18118 6663
24793 17760 7033
24799 11470 13329
24841 5820 19021
24847 20060 4787
24877 4090 20787
24907 6154 18753
24917 17551 7366
24919 5678 19241
24967 24560 407
24977 22325 2652
24979 5697 19282
25013 20178 4835
25031 16535 8496
25037 3570 21467
25073 5358 19715
25087 17437 7650
25097 3113 21984
25111 18818 6293
25117 13955 11162
25121 19297 5824
25153 5478 19675
25171 21142 4029
25183 12466 12717
25237 571 24666
25247 19308 5939
25253 10367 14886
25303 9957 15346
25307 8106 17201
25349 8738 16611
25411 5613 19798
25439 10512 14927
25447 6657 18790
25457 19702 5755
25463 15058 10405
25469 12493 12976
25471 4944 20527
25523 15352 10171
25541 1045 24496
25583 11484 14099
25601 5103 20498
25603 25496 107
25621 5412 20209
25639 986 24653
25657 8159 17498
25667 15276 10391
25679 3475 22204
25703 17094 8609
25717 10130 15587
25733 16141 9592
25763 12853 12910
25793 414 25379
25799 682 25117
25867 24102 1765
25889 24840 1049
25903 20062 5841
25913 13964 11949
25919 24915 1004
25931 21820 4111
25933 12755 13178
25951 23993 1958
25997 1078 24919
25999 13670 12329
26003 18281 7722
26029 17849 8180
26041 12091 13950
26083 25837 246
26099 4122 21977
26111 16868 9243
26113 7342 18771
26119 15191 10928
26141 23778 2363
26161 1088 25073
26177 5459 20718
26183 9191 16992
26209 5767 20442
26249 9909 16340
26251 24279 1972
26261 25043 1218
26263 4063 22200
26293 11342 14951
26321 15663 10658
26357 18799 7558
26393 26188 205
26437 23934 2503
26449 1769 24680
26479 13511 12968
26489 21393 5096
26497 1700 24797
26513 2626 23887
26557 26204 353
26561 6090 20471
26573 24064 2509
26633 21570 5063
26641 2977 23664
26647 23502 3145
26669 15940 10729
26681 7102 19579
26683 19551 7132
26699 14615 12084
26723 19724 6999
26729 19032 7697
26731 4736 21995
26759 21793 4966
26777 17033 9744
26783 3909 22874
26801 5385 21416
26821 8815 18006
26833 4343 22490
26861 14423 12438
26881 2906 23975
26891 11586 15305
26921 16476 10445
26927 24783 2144
26947 21210 5737
26959 3768 23191
26993 5517 21476
27043 9197 17846
27061 15161 11900
27091 21066 6025
27109 373 26736
27127 20053 7074
27143 2358 24785
27179 11893 15286
27197 26758 439
27259 22478 4781
27277 14220 13057
27281 26230 1051
27299 18539 8760
27329 23657 3672
27337 26600 737
27361 25387 1974
27367 23776 3591
27397 22975 4422
27407 11745 15662
27409 16638 10771
27427 12732 14695
27457 13840 13617
27479 3848 23631
27527 14148 13379
27539 5619 21920
27581 14737 12844
27617 6545 21072
27647 24124 3523
27697 3976 23721
27701 21546 6155
27733 23566 4167
27737 1980 25757
27739 11890 15849
27743 22738 5005
27793 14292 13501
27799 3985 23814
27817 5607 22210
27847 15194 12653
27901 24448 3453
27917 27693 224
27943 11165 16778
27947 13169 14778
27961 4589 23372
27997 20519 7478
28027 8461 19566
28031 3746 24285
28069 12120 15949
28087 17322 10765
28097 4120 23977
28123 17485 10638
28201 9577 18624
28219 24695 3524
28229 13402 14827
28277 6179 22098
28279 5523 22756
28283 1288 26995
28289 17541 10748
28309 16635 11674
28349 5707 22642
28393 7666 20727
28411 27949 462
28447 26597 1850
28463 27547 916
28537 19557 8980
28603 25134 3469
28619 15837 12782
28649 27301 1348
28687 14260 14427
28697 1895 26802
28703 22852 5851
28711 19598 9113
28723 26646 2077
28729 8463 20266
28771 17018 11753
28807 28249 558
28813 10010 18803
28817 416 28401
28879 7317 21562
28933 3052 25881
28949 15316 13633
28979 20604 8375
29009 20071 8938
29023 3981 25042
29077 17780 11297
29101 12710 16391
29123 28863 260
29137 12385 16752
29179 11732 17447
29191 28810 381
29207 9392 19815
29209 4395 24814
29221 16035 13186
29231 26225 3006
29251 22088 7163
29269 17321 11948
29287 10530 18757
29297 10426 18871
29333 1146 28187
29363 6241 23122
29387 22653 6734
29389 10436 18953
29399 574 28825
29411 25248 4163
29473 10034 19439
29483 26554 2929
29501 20911 8590
29527 3126 26401
29531 3230 26301
29537 19213 10324
29573 802 28771
29599 24556 5043
29629 1257 28372
29641 6649 22992
29663 9058 20605
29669 6095 23574
29683 23830 5853
29803 25837 3966
29833 22373 7460
29867 2780 27087
29917 7508 22409
29921 27730 2191
29947 24321 5626
29959 2455 27504
29989 28123 1866
30013 27620 2393
30029 7507 22522
30047 3268 26779
30059 18651 11408
30071 491 29580
30089 24903 5186
30091 11676 18415
30103 9609 20494
30113 11763 18350
30119 23001 7118
30133 10396 19737
30137 25366 4771
30139 6600 23539
30161 804 29357
30203 2616 27587
30223 19352 10871
30259 7425 22834
30293 3379 26914
30307 15012 15295
30319 23680 6639
30323 14034 16289
30341 7489 22852
30347 10621 19726
30367 1603 28764
30389 18756 11633
30427 24180 6247
30449 28288 2161
30491 24348 6143
30509 12182 18327
30553 2855 27698
30557 17069 13488
30637 24714 5923
30643 30075 568
30649 18067 12582
30661 25894 4767
30671 26122 4549
30703 7450 23253
30707 20265 10442
30713 20536 10177
30727 28265 2462
30763 21792 8971
30773 30706 67
30803 22812 7991
30817 28328 2489
30829 19974 10855
30851 25732 5119
30853 3148 27705
30859 6157 24702
30871 12240 18631
30881 29972 909
30937 17869 13068
30949 14999 15950
31013 29555 1458
31019 27024 3995
31051 24346 6705
31063 20201 10862
31069 21595 9474
31081 884 30197
31121 19709 11412
31123 9420 21703
31139 1182 29957
31151 19047 12104
31153 26353 4800
31181 4202 26979
31189 15436 15753
31219 5025 26194
31223 25721 5502
31231 1443 29788
31247 10256 20991
31249 23791 7458
31271 12806 18465
31277 4934 26343
31379 8956 22423
31391 23576 7815
31393 23011 8382
31477 23360 8117
31511 26308 5203
31517 18021 13496
31541 2967 28574
31583 13895 17688
31627 2401 29226
31643 10688 20955
31649 27656 3993
31687 5315 26372
31721 3671 28050
31727 4118 27609
31847 27425 4422
31849 10918 20931
31859 13349 18510
31873 28329 3544
31963 5610 26353
31981 18582 13399
31991 12519 19472
32009 19490 12519
32027 8843 23184
32029 3422 28607
32059 7555 24504
32069 25934 6135
32077 18786 13291
32083 11367 20716
32119 9232 22887
32143 15295 16848
32159 17878 14281
32183 23948 8235
32203 28683 3520
32213 30470 1743
32233 17496 14737
32237 4907 27330
32251 29307 2944
32257 2745 29512
32261 20226 12035
32297 3249 29048
32323 8116 24207
32341 19040 13301
32369 7857 24512
32371 18684 13687
32377 8053 24324
32381 30120 2261
32413 57 32356
32423 16348 16075
32429 21594 10835
32479 32269 210
32497 17965 14532
32507 17951 14556
32531 17557 14974
32569 18770 13799
32579 29396 3183
32587 27208 5379
32603 27849 4754
32609 5814 26795
32633 30589 2044
32647 25849 6798
32653 7314 25339
32693 7045 25648
32713 10735 21978
32719 14760 17959
32749 4031 28718
32779 25581 7198
32789 12717 20072
32833 6718 26115
32839 14419 18420
32843 4163 28680
32869 20447 12422
32911 8136 24775
32933 26119 6814
32939 19857 13082
32941 32211 730
32957 29127 3830
32983 6193 26790
32993 21952 11041
33023 13654 19369
33049 26338 6711
33073 21151 11922
33091 29218 3873
33119 19667 13452
33151 29936 3215
33161 21595 11566
33179 5036 28143
33181 9205 23976
33191 28845 4346
33223 8534 24689
33247 9824 23423
33289 6148 27141
33301 10389 22912
33311 15642 17669
33317 25151 8166
33329 27443 5886
33343 31054 2289
33349 30598 2751
33359 1971 31388
33377 26499 6878
33391 33037 354
33413 21954 11459
33427 19976 13451
33469 26001 7468
33479 8407 25072
33487 32665 822
33493 15475 18018
33503 28523 4980
33547 11517 22030
33563 3569 29994
33577 13036 20541
33581 9612 23969
33589 3286 30303
33599 5043 28556
33601 27312 6289
33613 21422 12191
33617 5959 27658
33679 24941 8738
33703 31288 2415
33739 6813 26926
33749 781 32968
33757 8678 25079
33767 695 33072
33773 18773 15000
33863 15079 18784
33941 21586 12355
33961 22761 11200
33997 11733 22264
34019 17977 16042
34031 7210 26821
34033 11999 22034
34061 22566 11495
34123 30300 3823
34129 25968 8161
34171 13301 20870
34183 27897 6286
34211 14228 19983
34213 29070 5143
34217 13992 20225
34231 16299 17932
34253 17885 16368
34259 17817 16442
34261 14525 19736
34267 25249 9018
34273 31265 3008
34297 27200 7097
34313 19766 14547
34319 25176 9143
34327 12219 22108
34381 6345 28036
34429 180 34249
34439 15020 19419
34469 4060 30409
34483 34424 59
34499 7263 27236
34511 20325 14186
34513 20242 14271
34537 7276 27261
34543 5140 29403
34549 834 33715
34583 9356 25227
34591 22549 12042
34607 21191 13416
34613 24073 10540
34649 3101 31548
34651 13210 21441
34667 29422 5245
34687 14114 20573
34693 13892 20801
34729 21321 13408
34757 7876 26881
34759 29095 5664
34807 32404 2403
34841 21110 13731
34843 4886 29957
34849 27667 7182
34883 14961 19922
34897 14575 20322
34913 12232 22681
34919 28980 5939
34939 4788 30151
34949 2064 32885
34961 34139 822
35053 29157 5896
35059 14455 20604
35081 2211 32870
35099 29247 5852
35117 32543 2574
35129 33205 1924
35149 13945 21204
35153 31707 3446
35171 9374 25797
35201 10845 24356
35267 29285 5982
35281 21609 13672
35291 34062 1229
35311 14484 20827
35317 18436 16881
35323 34207 1116
35339 13857 21482
35353 8717 26636
35381 30584 4797
35393 26199 9194
35419 23106 12313
35507 17873 17634
35509 24927 10582
35521 32729 2792
35527 16794 18733
35533 4340 31193
35537 12802 22735
35543 1119 34424
35573 7660 27913
35593 22081 13512
35597 8944 26653
35617 7083 28534
35671 24609 11062
35677 26725 8952
35753 4059 31694
35759 15697 20062
35801 12398 23403
35831 10884 24947
35839 6948 28891
35863 15710 20153
35879 14311 21568
35897 33012 2885
35899 20290 15609
35911 24223 11688
35923 30237 5686
35951 21593 14358
35963 23685 12278
35977 35512 465
35993 33982 2011
36007 6041 29966
36011 35861 150
36013 16057 19956
36037 28958 7079
36109 4054 32055
36137 14311 21826
36151 23624 12527
36161 28904 7257
36187 34939 1248
36191 2685 33506
36229 4133 32096
36241 22234 14007
36251 27625 8626
36293 3069 33224
36307 18018 18289
36319 35518 801
36343 7082 29261
36383 16357 20026
36451 34641 1810
36467 2465 34002
36479 23201 13278
36527 10682 25845
36563 32188 4375
36571 33053 3518
36583 11777 24806
36599 13695 22904
36643 14641 22002
36671 27319 9352
36677 32732 3945
36683 5436 31247
36691 32040 4651
36697 20300 16397
36713 19631 17082
36749 8879 27870
36767 22052 14715
36779 18099 18680
36781 12229 24552
36793 25217 11576
36821 33574 3247
36847 8207 28640
36871 20790 16081
36899 1542 35357
36901 8324 28577
36919 19949 16970
36923 7274 29649
36931 27101 9830
36947 1110 35837
36973 111 36862
37039 16657 20382
37057 16510 20547
37061 29751 7310
37117 34714 2403
37123 26821 10302
37171 3163 34008
37181 24703 12478
37189 12342 24847
37199 10086 27113
37201 27398 9803
37217 28797 8420
37321 1430 35891
37337 25141 12196
37339 33463 3876
37357 23347 14010
37361 19207 18154
37369 15599 21770
37397 3318 34079
37409 9309 28100
37441 31383 6058
37501 23298 14203
37511 10364 27147
37517 23116 14401
37537 488 37049
37547 17452 20095
37549 13088 24461
37561 24329 13232
37567 22490 15077
37573 29535 8038
37579 27049 10530
37589 20787 16802
37619 23945 13674
37633 30601 7032
37663 12072 25591
37691 30003 7688
37699 9123 28576
37747 1990 35757
37783 13835 23948
37813 21811 16002
37847 14991 22856
37853 270 37583
37861 1814 36047
37871 25505 12366
37907 30094 7813
37951 35896 2055
37957 7870 30087
37967 27537 10430
37987 28483 9504
37993 21011 16982
37997 32503 5494
38047 33889 4158
38053 27592 10461
38069 2829 35240
38119 3288 34831
38149 7426 30723
38153 33103 5050
38177 35412 2765
38183 11314 26869
38197 4861 33336
38201 3052 35149
38219 17260 20959
38237 12461 25776
38239 38006 233
38273 15769 22504
38321 21264 17057
38329 23896 14433
38333 18034 20299
38351 35969 2382
38459 13009 25450
38561 9252 29309
38567 24891 13676
38611 12139 26472
38629 16700 21929
38639 35108 3531
38651 29627 9024
38653 14198 24455
38669 13756 24913
38671 36581 2090
38677 16799 21878
38693 34582 4111
38707 15694 23013
38711 2299 36412
38713 26004 12709
38723 15153 23570
38729 34386 4343
38737 30209 8528
38747 28344 10403
38803 23132 15671
38821 32826 5995
38833 6366 32467
38839 22342 16497
38867 4420 34447
38891 26655 12236
38953 22437 16516
38971 6327 32644
38977 32069 6908
39023 20625 18398
39043 22601 16442
39047 29700 9347
39089 1143 37946
39107 17816 21291
39133 16846 22287
39139 26836 12303
39157 22122 17035
39163 11687 27476
39181 22339 16842
39199 20519 18680
39209 12376 26833
39217 16042 23175
39227 18525 20702
39233 26472 12761
39239 34040 5199
39241 5116 34125
39301 28190 11111
39343 15187 24156
39367 35353 4014
39371 13800 25571
39373 13459 25914
39383 27076 12307
39409 7485 31924
39419 30848 8571
39451 1964 37487
39499 30849 8650
39509 5441 34068
39511 29747 9764
39521 4849 34672
39563 153 39410
39569 17677 21892
39671 32199 7472
39703 3440 36263
39727 29787 9940
39749 4406 35343
39779 6458 33321
39821 12302 27519
39839 9405 30434
39841 26799 13042
39847 10666 29181
39863 31932 7931
39869 8798 31071
39877 14397 25480
39883 29578 10305
39887 20685 19202
39929 31296 8633
39989 22113 17876
40009 5942 34067
40031 2390 37641
40039 8152 31887
40087 27243 12844
40099 39396 703
40111 314 39797
40123 18871 21252
40127 12314 27813
40129 14558 25571
40151 35719 4432
40153 24788 15365
40163 34260 5903
40169 26156 14013
40213 38493 1720
40237 28278 11959
40241 23843 16398
40277 27458 12819
40283 19078 21205
40289 22301 17988
40343 20289 20054
40351 28906 11445
40361 823 39538
40429 22011 18418
40433 25067 15366
40459 4829 35630
40487 15857 24630
40507 19455 21052
40519 1934 38585
40529 6329 34200
40543 8304 32239
40559 1620 38939
40583 15497 25086
40591 28972 11619
40597 21301 19296
40637 12294 28343
40639 32150 8489
40693 38593 2100
40709 40112 597
40739 19520 21219
40759 6518 34241
40819 22793 18026
40841 30610 10231
40883 25188 15695
40903 31329 9574
40933 4514 36419
40939 28681 12258
40949 4069 36880
40973 7645 33328
41011 18233 22778
41017 35823 5194
41023 9826 31197
41039 189 40850
41057 17242 23815
41077 16296 24781
41081 8120 32961
41117 24650 16467
41131 35425 5706
41141 6162 34979
41149 31895 9254
41161 31827 9334
41189 7612 33577
41203 21251 19952
41213 19583 21630
41227 5175 36052
41257 18991 22266
41263 24534 16729
41299 855 40444
41333 32206 9127
41351 6061 35290
41399 19645 21754
41453 34420 7033
41467 5899 35568
41513 12919 28594
41539 7321 34218
41543 1739 39804
41593 38050 3543
41603 39074 2529
41611 33697 7914
41647 19517 22130
41659 19250 22409
41681 6855 34826
41687 40116 1571
41719 12030 29689
41737 33569 8168
41759 28632 13127
41771 23916 17855
41809 37260 4549
41849 20630 21219
41851 5795 36056
41863 2542 39321
41893 32842 9051
41897 7473 34424
41903 30697 11206
41941 30211 11730
41957 20360 21597
41981 11055 30926
42023 22816 19207
42071 25427 16644
42073 28068 14005
42139 39656 2483
42179 23296 18883
42181 34696 7485
42193 19262 22931
42209 28077 14132
42223 39902 2321
42239 1145 41094
42281 27126 15155
42283 29070 13213
42299 6367 35932
42331 36994 5337
42337 4006 38331
42359 6783 35576
42379 783 41596
42407 9530 32877
42433 30160 12273
42437 13631 28806
42443 26028 16415
42461 20713 21748
42463 19636 22827
42467 23671 18796
42473 24691 17782
42509 10661 31848
42533 26241 16292
42569 7293 35276
42589 32616 9973
42611 34165 8446
42649 19549 23100
42667 16120 26547
42703 20467 22236
42727 30557 12170
42737 27303 15434
42751 4539 38212
42767 13957 28810
42787 8883 33904
42793 37681 5112
42821 41811 1010
42829 23055 19774
42839 14523 28316
42937 34095 8842
42943 15462 27481
42953 11008 31945
42979 13683 29296
42989 4543 38446
43003 3908 39095
43063 1218 41845
43103 2259 40844
43151 18568 24583
43189 19256 23933
43223 35132 8091
43237 38528 4709
43261 31364 11897
43271 36782 6489
43283 27303 15980
43319 24811 18508
43331 22267 21064
43397 19504 23893
43399 15333 28066
43403 37533 5870
43427 14637 28790
43441 34987 8454
43451 10601 32850
43457 23523 19934
43481 12287 31194
43487 1425 42062
43499 18301 25198
43573 42182 1391
43577 35607 7970
43579 19212 24367
43591 31490 12101
43607 36275 7332
43613 7208 36405
43627 1981 41646
43633 42958 675
43649 5137 38512
43669 25665 18004
43691 38234 5457
43711 3074 40637
43721 33651 10070
43753 13704 30049
43759 26714 17045
43853 18075 25778
43867 35094 8773
43889 14953 28936
43891 16226 27665
43913 29969 13944
43933 39332 4601
43961 3485 40476
43973 7786 36187
43987 35002 8985
43991 33713 10278
44021 12392 31629
44027 2841 41186
44041 40292 3749
44053 39472 4581
44089 33280 10809
44101 37708 6393
44129 2696 41433
44171 14718 29453
44201 36549 7652
44207 11617 32590
44221 23368 20853
44257 2086 42171
44267 15227 29040
44273 25890 18383
44279 2693 41586
44293 35440 8853
44351 25072 19279
44357 7162 37195
44383 21370 23013
44449 14111 30338
44483 44280 203
44491 10207 34284
44507 24906 19601
44519 7820 36699
44537 6398 38139
44549 30697 13852
44563 28626 15937
44579 2598 41981
44587 37552 7035
44617 43181 1436
44621 29408 15213
44623 12829 31794
44633 12182 32451
44641 26787 17854
44647 38374 6273
44683 8518 36165
44729 39548 5181
44741 31817 12924
44753 27186 17567
44771 29442 15329
44773 8939 35834
44777 17737 27040
44789 15426 29363
44797 15396 29401
44843 36082 8761
44893 31630 13263
44909 39470 5439
44917 15050 29867
44939 632 44307
44963 11811 33152
44971 32796 12175
44987 6606 38381
45007 10407 34600
45061 30578 14483
45083 24111 20972
45119 6474 38645
45121 14654 30467
45137 24534 20603
45161 18245 26916
45191 11687 33504
45197 23400 21797
45233 27253 17980
45247 28158 17089
45329 13772 31557
45403 1640 43763
45427 5725 39702
45439 10119 35320
45481 8328 37153
45491 10897 34594
45533 28183 17350
45541 28182 17359
45587 38219 7368
45599 36771 8828
45613 6281 39332
45631 31996 13635
45641 16255 29386
45673 38404 7269
45691 10869 34822
45751 35158 10593
45767 18769 26998
45817 41886 3931
45821 10660 35161
45827 3834 41993
45833 15992 29841
45853 4832 41021
45869 2260 43609
45893 6415 39478
45943 44073 1870
45949 14600 31349
45959 17901 28058
45971 23279 22692
45989 14014 31975
46027 43981 2046
46051 6074 39977
46061 33693 12368
46093 36191 9902
46099 39711 6388
46103 27718 18385
46133 37235 8898
46147 7191 38956
46171 11778 34393
46187 40226 5961
46219 19307 26912
46237 7998 38239
46261 43761 2500
46273 33447 12826
46279 1258 45021
46301 14422 31879
46307 4461 41846
46327 13786 32541
46337 17939 28398
46399 27397 19002
46441 29875 16566
46523 23072 23451
46549 385 46164
46559 27631 18928
46573 31172 15401
46619 28717 17902
46633 45022 1611
46681 13561 33120
46687 21224 25463
46691 17768 28923
46723 8819 37904
46747 24336 22411
46751 24387 22364
46807 18428 28379
46817 17412 29405
46819 41191 5628
46831 8588 38243
46853 40589 6264
46867 13205 33662
46901 22475 24426
46919 13948 32971
46933 43710 3223
46993 43091 3902
47041 34459 12582
47057 19150 27907
47059 21836 25223
47137 22919 24218
47147 44038 3109
47161 40140 7021
47207 43222 3985
47237 26291 20946
47251 14615 32636
47269 26903 20366
47279 6014 41265
47293 589 46704
47303 42748 4555
47309 3466 43843
47317 38186 9131
47339 10898 36441
47351 28231 19120
47363 9937 37426
47381 45540 1841
47387 38402 8985
47407 27103 20304
47419 39736 7683
47441 19453 27988
47459 45013 2446
47497 44504 2993
47501 35932 11569
47507 33263 14244
47513 39140 8373
47527 18221 29306
47543 12472 35071
47563 43729 3834
47569 11656 35913
47581 34960 12621
47599 3173 44426
47609 7089 40520
47623 40317 7306
47639 46733 906
47657 46631 1026
47681 14731 32950
47717 20193 27524
47777 31189 16588
47779 38217 9562
47797 16433 31364
47807 8781 39026
47809 11675 36134
47819 43126 4693
47837 8310 39527
47857 39629 8228
47903 28194 19709
47911 30022 17889
47917 47532 385
47933 36863 11070
47939 46960 979
47947 43454 4493
47963 12549 35414
47969 44899 3070
48017 6202 41815
48023 27576 20447
48029 44798 3231
48079 36553 11526
48119 18520 29599
48131 34336 13795
48179 19162 29017
48187 13471 34716
48197 46814 1383
48221 20689 27532
48247 19148 29099
48259 9270 38989
48271 36512 11759
48281 16628 31653
48299 30095 18204
48341 23619 24722
48353 14456 33897
48371 41145 7226
48383 45486 2897
48407 13889 34518
48463 24347 24116
48473 1029 47444
48479 2943 45536
48487 25362 23125
48523 25955 22568
48539 2973 45566
48563 40838 7725
48589 8886 39703
48611 21916 26695
48623 9403 39220
48661 29467 19194
48673 21223 27450
48679 32892 15787
48733 34054 14679
48757 9166 39591
48761 12369 36392
48767 3027 45740
48779 17974 30805
48787 19369 29418
48799 39408 9391
48809 12693 36116
48821 43448 5373
48823 24464 24359
48869 35611 13258
48871 7133 41738
48907 6855 42052
48947 8864 40083
48973 28828 20145
48989 23701 25288
48991 3033 45958
49033 29673 19360
49037 14172 34865
49057 15515 33542
49069 28183 20886
49081 34253 14828
49103 31772 17331
49109 10114 38995
49117 6973 42144
49121 30068 19053
49169 17357 31812
49171 14635 34536
49193 30028 19165
49211 26290 22921
49253 23686 25567
49297 14692 34605
49307 37622 11685
49331 42230 7101
49363 22800 26563
49367 33631 15736
49369 8162 41207
49417 10893 38524
49429 30161 19268
49433 7315 42118
49463 37082 12381
49529 6746 42783
49549 35427 14122
49603 12321 37282
49613 19481 30132
49627 24872 24755
49639 36014 13625
49669 21243 28426
49739 20899 28840
49747 2869 46878
49757 14481 35276
49801 15793 34008
49811 2523 47288
49843 32779 17064
49853 11334 38519
49921 43213 6708
49937 13248 36689
49943 25288 24655
49957 40153 9804
49991 10193 39798
49993 1443 48550
49999 27654 22345
50021 40780 9241
50023 34662 15361
50047 33144 16903
50077 3448 46629
50093 43281 6812
50101 13783 36318
50119 24725 25394
50147 47898 2249
50153 25591 24562
50159 1837 48322
50207 9059 41148
50221 49235 986
50231 18887 31344
50261 8093 42168
50263 24789 25474
50291 9867 40424
50311 39805 10506
50329 47811 2518
50341 11019 39322
50363 3725 46638
50377 378 49999
50383 29288 21095
50411 19638 30773
50423 19884 30539
50459 35761 14698
50497 15085 35412
50527 15475 35052
50539 11239 39300
50549 47245 3304
50551 34739 15812
50647 48521 2126
50651 6083 44568
50683 7876 42807
50707 44745 5962
50723 48543 2180
50741 31550 19191
50767 37899 12868
50773 26922 23851
50789 6333 44456
50821 22905 27916
50839 32786 18053
50849 15599 35250
50873 41268 9605
50893 11960 38933
50923 42732 8191
50969 49370 1599
50971 49095 1876
50993 44143 6850
51031 47563 3468
51043 34348 16695
51059 37008 14051
51071 9636 41435
51133 42417 8716
51151 18331 32820
51157 4656 46501
51199 158 51041
51217 36886 14331
51229 23066 28163
51257 45634 5623
51263 36040 15223
51341 15324 36017
51343 25955 25388
51349 11840 39509
51361 1638 49723
51431 4932 46499
51437 647 50790
51439 27357 24082
51461 30459 21002
51473 46200 5273
51481 41295 10186
51503 17176 34327
51517 22383 29134
51521 4100 47421
51563 12007 39556
51581 40678 10903
51607 46150 5457
51613 19062 32551
51647 5340 46307
51679 25608 26071
51691 50325 1366
51719 48877 2842
51721 38563 13158
51767 43503 8264
51769 31268 20501
51787 46286 5501
51797 51653 144
51817 41169 10648
51829 40835 10994
51853 65 51788
51859 34254 17605
51869 37605 14264
51899 50561 1338
51907 34673 17234
51913 40253 11660
51929 12353 39576
51949 23026 28923
51971 8118 43853
51973 14753 37220
51977 32350 19627
51991 48787 3204
52069 24160 27909
52103 35742 16361
52147 41066 11081
52153 21224 30929
52163 9367 42796
52181 13733 38448
52183 3748 48435
52189 48592 3597
52201 37901 14300
52223 10764 41459
52249 40690 11559
52253 34166 18087
52289 43235 9054
52361 45992 6369
52363 17406 34957
52379 40607 11772
52391 43805 8586
52457 31075 21382
52511 36349 16162
52553 30913 21640
52571 49318 3253
52609 42980 9629
52639 36111 16528
52709 31490 21219
52721 37705 15016
52733 37463 15270
52757 41396 11361
52769 47665 5104
52861 16216 36645
52879 35981 16898
52889 29274 23615
52901 38948 13953
52903 30516 22387
52951 42620 10331
52981 35011 17970
52999 26343 26656
53003 26989 26014
53017 41142 11875
53047 39679 13368
53051 51886 1165
53077 48850 4227
53087 16979 36108
53101 15475 37626
53113 38346 14767
53129 1144 51985
53147 1637 51510
53161 47878 5283
53197 34904 18293
53267 9020 44247
53279 42054 11225
53299 4487 48812
53309 6409 46900
53323 11595 41728
53327 38125 15202
53359 3543 49816
53381 8070 45311
53401 31198 22203
53411 38839 14572
53441 29536 23905
53527 40381 13146
53549 23440 30109
53569 30402 23167
53593 29256 24337
53609 9818 43791
53611 15541 38070
53617 52852 765
53623 11835 41788
53629 17237 36392
53639 17337 36302
53681 34574 19107
53693 32518 21175
53773 5094 48679
53783 30301 23482
53791 16860 36931
53813 31222 22591
53831 49970 3861
53857 31475 22382
53861 28605 25256
53887 19286 34601
53891 12962 40929
53899 27288 26611
53917 8858 45059
53923 45782 8141
53927 3169 50758
53959 31634 22325
53987 39304 14683
54037 48696 5341
54059 46574 7485
54083 20515 33568
54091 35144 18947
54101 2256 51845
54133 28865 25268
54151 6408 47743
54163 16337 37826
54167 4016 50151
54217 14087 40130
54251 43645 10606
54269 42261 12008
54277 29291 24986
54311 21807 32504
54319 3150 51169
54323 6074 48249
54331 30635 23696
54361 46397 7964
54367 53854 513
54371 47528 6843
54401 36250 18151
54403 5704 48699
54419 9998 44421
54421 24226 30195
54437 42171 12266
54493 29718 24775
54499 42409 12090
54517 36887 17630
54521 31906 22615
54539 29004 25535
54577 52439 2138
54581 15581 39000
54583 49480 5103
54629 53046 1583
54631 36938 17693
54673 31597 23076
54721 34275 20446
54727 52563 2164
54751 11622 43129
54767 25901 28866
54773 962 53811
54779 20926 33853
54787 24026 30761
54829 47728 7101
54869 3868 51001
54877 19593 35284
54881 7079 47802
54907 32891 22016
54917 6522 48395
54919 23728 31191
54959 22895 32064
54979 36881 18098
54983 3023 51960
55001 33489 21512
55061 30953 24108
55073 35796 19277
55079 8214 46865
55117 53361 1756
55147 49177 5970
55163 14172 40991
55171 29653 25518
55201 39513 15688
55207 54954 253
55219 9797 45422
55243 5647 49596
55259 16429 38830
55291 53383 1908
55313 31445 23868
55337 4906 50431
55411 15131 40280
55457 19872 35585
55469 28399 27070
55487 37253 18234
55501 44122 11379
55541 41870 13671
55547 25114 30433
55579 44916 10663
55589 41156 14433
55603 12731 42872
55609 22864 32745
55621 42198 13423
55633 22771 32862
