9
638
1269
1902
2537
3174
3813
4454
5742
7038
7689
8342
10974
11637
12969
14309
14982
15657
17013
17694
18377
19062
19749
20438
22517
23214
24614
25317
27438
28149
30294
31734
32457
33182
33909
34638
35369
36102
38313
39054
40542
42789
43542
46574
47337
51182
51957
52734
53513
55862
56649
59817
63017
63822
64629
66249
67877
68694
69513
70334
71982
74469
76137
79497
80342
81189
82038
83742
84597
87174
88902
91509
92382
94134
95013
97662
98549
100329
101222
103014
104814
105717
106622
107529
108438
110262
113013
114857
115782
117638
121374
127038
129897
130854
131813
137609
142494
146438
148422
150414
154422
159477
162534
184437
233189
267438
342309
346302
351654
380277
